------------------
    0.015000     0.000000     0.000000
    0.045000     1.000000     1.000000
    0.075000     2.000000     1.414214
    0.105000     0.000000     0.000000
    0.135000     5.000000     2.236068
    0.165000     2.000000     1.414214
    0.195000     3.000000     1.732051
    0.225000     8.000000     2.828427
    0.255000     9.000000     3.000000
    0.285000     3.000000     1.732051
    0.315000     7.000000     2.645751
    0.345000     8.000000     2.828427
    0.375000     7.000000     2.645751
    0.405000    14.000000     3.741657
    0.435000    10.000000     3.162278
    0.465000    15.000000     3.872983
    0.495000     8.000000     2.828427
    0.525000     9.000000     3.000000
    0.555000    22.000000     4.690416
    0.585000    25.000000     5.000000
    0.615000    26.000000     5.099020
    0.645000    32.000000     5.656854
    0.675000    36.000000     6.000000
    0.705000    65.000000     8.062258
    0.735000    85.000000     9.219544
    0.765000   194.000000    13.928389
    0.795000   317.000000    17.804493
    0.825000   830.000000    28.809721
    0.855000  2074.000000    45.541191
    0.885000  4837.000000    69.548546
    0.915000  9074.000000    95.257545
    0.945000  9886.000000    99.428368
    0.975000  6935.000000    83.276649
    1.005000  4477.000000    66.910385
    1.035000  2977.000000    54.561890
    1.065000  2592.000000    50.911690
    1.095000  2734.000000    52.287666
    1.125000  3139.000000    56.026779
    1.155000  3762.000000    61.335144
    1.185000  4412.000000    66.422890
    1.215000  4549.000000    67.446274
    1.245000  4674.000000    68.366661
    1.275000  4243.000000    65.138313
    1.305000  4173.000000    64.598763
    1.335000  4111.000000    64.117081
    1.365000  4390.000000    66.257072
    1.395000  4588.000000    67.734779
    1.425000  4694.000000    68.512772
    1.455000  5190.000000    72.041656
    1.485000  5500.000000    74.161987
    1.515000  5798.000000    76.144600
    1.545000  5995.000000    77.427383
    1.575000  6090.000000    78.038452
    1.605000  6358.000000    79.737068
    1.635000  6601.000000    81.246536
    1.665000  7173.000000    84.693565
    1.695000  7432.000000    86.209045
    1.725000  7672.000000    87.589951
    1.755000  7709.000000    87.800911
    1.785000  7877.000000    88.752464
    1.815000  7966.000000    89.252449
    1.845000  7981.000000    89.336441
    1.875000  8387.000000    91.580566
    1.905000  8430.000000    91.815033
    1.935000  8655.000000    93.032249
    1.965000  8810.000000    93.861603
    1.995000  8802.000000    93.818977
    2.025000  8781.000000    93.706993
    2.055000  9072.000000    95.247047
    2.085000  9221.000000    96.026039
    2.115000  9667.000000    98.320900
    2.145000  9639.000000    98.178406
    2.175000  9857.000000    99.282425
    2.205000  9884.000000    99.418304
    2.235000 10121.000000   100.603180
    2.265000  9998.000000    99.989998
    2.295000 10240.000000   101.192886
    2.325000 10277.000000   101.375542
    2.355000 10265.000000   101.316338
    2.385000 10588.000000   102.898010
    2.415000 10544.000000   102.683983
    2.445000 10700.000000   103.440804
    2.475000 10753.000000   103.696671
    2.505000 10691.000000   103.397293
    2.535000 10991.000000   104.837967
    2.565000 10955.000000   104.666138
    2.595000 11015.000000   104.952370
    2.625000 11135.000000   105.522507
    2.655000 11288.000000   106.245003
    2.685000 11141.000000   105.550934
    2.715000 11142.000000   105.555672
    2.745000 11005.000000   104.904716
    2.775000 11029.000000   105.019043
    2.805000 11377.000000   106.663017
    2.835000 11263.000000   106.127281
    2.865000 11305.000000   106.324974
    2.895000 11201.000000   105.834778
    2.925000 11052.000000   105.128494
    2.955000 11081.000000   105.266327
    2.985000 11062.000000   105.176041
--------
    0.015000     0.000000     0.000000
    0.045000     1.000000     1.000000
    0.075000     2.000000     1.414214
    0.105000     0.000000     0.000000
    0.135000     5.000000     2.236068
    0.165000     2.000000     1.414214
    0.195000     2.000000     1.414214
    0.225000    10.000000     3.162278
    0.255000    10.000000     3.162278
    0.285000     5.000000     2.236068
    0.315000    10.000000     3.162278
    0.345000    13.000000     3.605551
    0.375000     7.000000     2.645751
    0.405000    12.000000     3.464102
    0.435000    12.000000     3.464102
    0.465000    17.000000     4.123106
    0.495000    10.000000     3.162278
    0.525000     9.000000     3.000000
    0.555000    19.000000     4.358899
    0.585000    28.000000     5.291502
    0.615000    33.000000     5.744563
    0.645000    40.000000     6.324555
    0.675000    45.000000     6.708204
    0.705000    81.000000     9.000000
    0.735000   108.000000    10.392304
    0.765000   221.000000    14.866069
    0.795000   405.000000    20.124611
    0.825000  1037.000000    32.202484
    0.855000  2536.000000    50.358715
    0.885000  5716.000000    75.604233
    0.915000 10591.000000   102.912582
    0.945000 11471.000000   107.102753
    0.975000  8265.000000    90.912048
    1.005000  5256.000000    72.498276
    1.035000  3541.000000    59.506302
    1.065000  3172.000000    56.320511
    1.095000  3227.000000    56.806690
    1.125000  3684.000000    60.695965
    1.155000  4432.000000    66.573265
    1.185000  5131.000000    71.630997
    1.215000  5424.000000    73.647812
    1.245000  5499.000000    74.155243
    1.275000  4929.000000    70.206841
    1.305000  4865.000000    69.749550
    1.335000  4810.000000    69.354164
    1.365000  5170.000000    71.902710
    1.395000  5399.000000    73.477890
    1.425000  5568.000000    74.619034
    1.455000  6087.000000    78.019226
    1.485000  6444.000000    80.274529
    1.515000  6857.000000    82.807007
    1.545000  7029.000000    83.839134
    1.575000  7148.000000    84.545845
    1.605000  7462.000000    86.382866
    1.635000  7835.000000    88.515533
    1.665000  8443.000000    91.885796
    1.695000  8707.000000    93.311310
    1.725000  9012.000000    94.931557
    1.755000  9032.000000    95.036835
    1.785000  9170.000000    95.760117
    1.815000  9253.000000    96.192513
    1.845000  9348.000000    96.685059
    1.875000  9854.000000    99.267319
    1.905000  9965.000000    99.824844
    1.935000 10174.000000   100.866249
    1.965000 10403.000000   101.995094
    1.995000 10506.000000   102.498779
    2.025000 10406.000000   102.009804
    2.055000 10659.000000   103.242432
    2.085000 10890.000000   104.355164
    2.115000 11326.000000   106.423683
    2.145000 11301.000000   106.306160
    2.175000 11616.000000   107.777550
    2.205000 11712.000000   108.221992
    2.235000 11915.000000   109.155853
    2.265000 11755.000000   108.420479
    2.295000 12021.000000   109.640320
    2.325000 12119.000000   110.086327
    2.355000 12273.000000   110.783569
    2.385000 12411.000000   111.404671
    2.415000 12411.000000   111.404671
    2.445000 12592.000000   112.214081
    2.475000 12758.000000   112.951317
    2.505000 12719.000000   112.778542
    2.535000 12962.000000   113.850777
    2.565000 12987.000000   113.960518
    2.595000 13016.000000   114.087685
    2.625000 13153.000000   114.686531
    2.655000 13167.000000   114.747551
    2.685000 13142.000000   114.638565
    2.715000 13174.000000   114.778046
    2.745000 13089.000000   114.407166
    2.775000 13097.000000   114.442123
    2.805000 13473.000000   116.073250
    2.835000 13264.000000   115.169441
    2.865000 13313.000000   115.381973
    2.895000 13214.000000   114.952164
    2.925000 13161.000000   114.721405
    2.955000 13176.000000   114.786758
    2.985000 13200.000000   114.891251
--------
    0.015000     0.000000     0.000000
    0.045000     0.000000     0.000000
    0.075000     1.000000     1.000000
    0.105000     1.000000     1.000000
    0.135000     1.000000     1.000000
    0.165000     0.000000     0.000000
    0.195000     0.000000     0.000000
    0.225000     1.000000     1.000000
    0.255000     0.000000     0.000000
    0.285000     2.000000     1.414214
    0.315000     1.000000     1.000000
    0.345000     1.000000     1.000000
    0.375000     0.000000     0.000000
    0.405000     4.000000     2.000000
    0.435000     0.000000     0.000000
    0.465000     2.000000     1.414214
    0.495000     4.000000     2.000000
    0.525000     4.000000     2.000000
    0.555000     0.000000     0.000000
    0.585000     1.000000     1.000000
    0.615000     2.000000     1.414214
    0.645000     6.000000     2.449490
    0.675000     2.000000     1.414214
    0.705000     7.000000     2.645751
    0.735000     8.000000     2.828427
    0.765000    13.000000     3.605551
    0.795000    31.000000     5.567764
    0.825000    39.000000     6.244998
    0.855000    95.000000     9.746795
    0.885000   357.000000    18.894444
    0.915000  1029.000000    32.078030
    0.945000  1491.000000    38.613468
    0.975000   953.000000    30.870699
    1.005000   597.000000    24.433584
    1.035000   442.000000    21.023796
    1.065000   388.000000    19.697716
    1.095000   397.000000    19.924858
    1.125000   432.000000    20.784609
    1.155000   582.000000    24.124676
    1.185000   629.000000    25.079872
    1.215000   710.000000    26.645824
    1.245000   650.000000    25.495098
    1.275000   737.000000    27.147743
    1.305000   717.000000    26.776855
    1.335000   713.000000    26.702061
    1.365000   759.000000    27.549955
    1.395000   781.000000    27.946377
    1.425000   842.000000    29.017237
    1.455000   862.000000    29.359837
    1.485000   874.000000    29.563492
    1.515000  1003.000000    31.670176
    1.545000  1017.000000    31.890438
    1.575000   993.000000    31.511902
    1.605000  1045.000000    32.326458
    1.635000  1088.000000    32.984844
    1.665000  1133.000000    33.660065
    1.695000  1100.000000    33.166248
    1.725000  1141.000000    33.778690
    1.755000  1122.000000    33.496269
    1.785000  1222.000000    34.957115
    1.815000  1135.000000    33.689762
    1.845000  1235.000000    35.142567
    1.875000  1168.000000    34.176014
    1.905000  1288.000000    35.888718
    1.935000  1198.000000    34.612137
    1.965000  1249.000000    35.341194
    1.995000  1239.000000    35.199432
    2.025000  1220.000000    34.928497
    2.055000  1231.000000    35.085609
    2.085000  1258.000000    35.468296
    2.115000  1205.000000    34.713108
    2.145000  1292.000000    35.944401
    2.175000  1255.000000    35.425980
    2.205000  1263.000000    35.538712
    2.235000  1219.000000    34.914181
    2.265000  1222.000000    34.957115
    2.295000  1188.000000    34.467377
    2.325000  1134.000000    33.674915
    2.355000  1174.000000    34.263683
    2.385000  1176.000000    34.292858
    2.415000  1112.000000    33.346664
    2.445000  1133.000000    33.660065
    2.475000  1130.000000    33.615471
    2.505000  1158.000000    34.029400
    2.535000  1046.000000    32.341923
    2.565000  1084.000000    32.924156
    2.595000  1008.000000    31.749016
    2.625000   934.000000    30.561413
    2.655000   925.000000    30.413813
    2.685000   856.000000    29.257477
    2.715000   897.000000    29.949959
    2.745000   820.000000    28.635643
    2.775000   835.000000    28.896366
    2.805000   815.000000    28.548204
    2.835000   732.000000    27.055498
    2.865000   650.000000    25.495098
    2.895000   673.000000    25.942244
    2.925000   637.000000    25.238859
    2.955000   561.000000    23.685438
    2.985000   521.000000    22.825424
--------
    0.015000     0.000000     0.000000
    0.045000     0.000000     0.000000
    0.075000     1.000000     1.000000
    0.105000     1.000000     1.000000
    0.135000     1.000000     1.000000
    0.165000     0.000000     0.000000
    0.195000     0.000000     0.000000
    0.225000     1.000000     1.000000
    0.255000     0.000000     0.000000
    0.285000     2.000000     1.414214
    0.315000     1.000000     1.000000
    0.345000     2.000000     1.414214
    0.375000     0.000000     0.000000
    0.405000     3.000000     1.732051
    0.435000     1.000000     1.000000
    0.465000     2.000000     1.414214
    0.495000     4.000000     2.000000
    0.525000     6.000000     2.449490
    0.555000     1.000000     1.000000
    0.585000     5.000000     2.236068
    0.615000     3.000000     1.732051
    0.645000     6.000000     2.449490
    0.675000     5.000000     2.236068
    0.705000     8.000000     2.828427
    0.735000    11.000000     3.316625
    0.765000    14.000000     3.741657
    0.795000    27.000000     5.196152
    0.825000    45.000000     6.708204
    0.855000   129.000000    11.357817
    0.885000   455.000000    21.330729
    0.915000  1341.000000    36.619667
    0.945000  1935.000000    43.988636
    0.975000  1288.000000    35.888718
    1.005000   778.000000    27.892651
    1.035000   589.000000    24.269321
    1.065000   495.000000    22.248596
    1.095000   535.000000    23.130068
    1.125000   590.000000    24.289915
    1.155000   800.000000    28.284271
    1.185000   820.000000    28.635643
    1.215000   957.000000    30.935417
    1.245000   893.000000    29.883106
    1.275000   960.000000    30.983868
    1.305000   951.000000    30.838287
    1.335000   958.000000    30.951574
    1.365000  1058.000000    32.526913
    1.395000  1086.000000    32.954514
    1.425000  1142.000000    33.793491
    1.455000  1143.000000    33.808285
    1.485000  1177.000000    34.307434
    1.515000  1344.000000    36.660606
    1.545000  1335.000000    36.537651
    1.575000  1312.000000    36.221542
    1.605000  1398.000000    37.389839
    1.635000  1442.000000    37.973675
    1.665000  1543.000000    39.281040
    1.695000  1465.000000    38.275318
    1.725000  1527.000000    39.076847
    1.755000  1470.000000    38.340580
    1.785000  1656.000000    40.693981
    1.815000  1576.000000    39.698868
    1.845000  1664.000000    40.792156
    1.875000  1615.000000    40.187061
    1.905000  1737.000000    41.677334
    1.935000  1612.000000    40.149719
    1.965000  1657.000000    40.706264
    1.995000  1710.000000    41.352146
    2.025000  1675.000000    40.926765
    2.055000  1690.000000    41.109608
    2.085000  1656.000000    40.693981
    2.115000  1600.000000    40.000000
    2.145000  1676.000000    40.938980
    2.175000  1714.000000    41.400482
    2.205000  1706.000000    41.303753
    2.235000  1629.000000    40.360870
    2.265000  1657.000000    40.706264
    2.295000  1576.000000    39.698868
    2.325000  1538.000000    39.217342
    2.355000  1623.000000    40.286472
    2.385000  1579.000000    39.736633
    2.415000  1509.000000    38.845848
    2.445000  1493.000000    38.639359
    2.475000  1520.000000    38.987179
    2.505000  1502.000000    38.755646
    2.535000  1433.000000    37.854988
    2.565000  1437.000000    37.907784
    2.595000  1375.000000    37.080994
    2.625000  1306.000000    36.138622
    2.655000  1284.000000    35.832947
    2.685000  1198.000000    34.612137
    2.715000  1196.000000    34.583233
    2.745000  1135.000000    33.689762
    2.775000  1150.000000    33.911652
    2.805000  1122.000000    33.496269
    2.835000  1024.000000    32.000000
    2.865000   913.000000    30.215889
    2.895000   936.000000    30.594116
    2.925000   884.000000    29.732138
    2.955000   744.000000    27.276363
    2.985000   762.000000    27.604347
