#---------- /trneg_5SL/p5SL_trneg : 100,0.00000,8.00000
   0      0.04000      0.00000      0.00000
   1      0.12000      0.00000      0.00000
   2      0.20000      0.00000      0.00000
   3      0.28000      0.00000      0.00000
   4      0.36000      0.00000      0.00000
   5      0.44000      5.00000      2.23607
   6      0.52000     57.00000      7.54983
   7      0.60000    152.00000     12.32883
   8      0.68000    345.00000     18.57417
   9      0.76000    411.00000     20.27313
  10      0.84000    439.00000     20.95233
  11      0.92000    472.00000     21.72556
  12      1.00000    410.00000     20.24846
  13      1.08000    395.00000     19.87461
  14      1.16000    421.00000     20.51828
  15      1.24000    366.00000     19.13113
  16      1.32000    358.00000     18.92089
  17      1.40000    355.00000     18.84144
  18      1.48000    334.00000     18.27567
  19      1.56000    319.00000     17.86057
  20      1.64000    289.00000     17.00000
  21      1.72000    249.00000     15.77973
  22      1.80000    233.00000     15.26434
  23      1.88000    207.00000     14.38750
  24      1.96000    200.00000     14.14214
  25      2.04000    181.00000     13.45362
  26      2.12000    138.00000     11.74734
  27      2.20000    140.00000     11.83216
  28      2.28000    132.00000     11.48913
  29      2.36000    105.00000     10.24695
  30      2.44000    106.00000     10.29563
  31      2.52000    120.00000     10.95445
  32      2.60000    100.00000     10.00000
  33      2.68000    113.00000     10.63015
  34      2.76000     98.00000      9.89950
  35      2.84000    100.00000     10.00000
  36      2.92000     84.00000      9.16515
  37      3.00000     76.00000      8.71780
  38      3.08000     80.00000      8.94427
  39      3.16000     87.00000      9.32738
  40      3.24000     93.00000      9.64365
  41      3.32000     53.00000      7.28011
  42      3.40000     81.00000      9.00000
  43      3.48000     67.00000      8.18535
  44      3.56000     66.00000      8.12404
  45      3.64000     66.00000      8.12404
  46      3.72000     58.00000      7.61577
  47      3.80000     77.00000      8.77496
  48      3.88000     66.00000      8.12404
  49      3.96000     66.00000      8.12404
  50      4.04000     56.00000      7.48331
  51      4.12000     63.00000      7.93725
  52      4.20000     50.00000      7.07107
  53      4.28000     59.00000      7.68115
  54      4.36000     58.00000      7.61577
  55      4.44000     58.00000      7.61577
  56      4.52000     75.00000      8.66025
  57      4.60000     62.00000      7.87401
  58      4.68000     57.00000      7.54983
  59      4.76000     71.00000      8.42615
  60      4.84000     83.00000      9.11043
  61      4.92000     82.00000      9.05539
  62      5.00000     72.00000      8.48528
  63      5.08000     67.00000      8.18535
  64      5.16000     77.00000      8.77496
  65      5.24000     66.00000      8.12404
  66      5.32000     73.00000      8.54400
  67      5.40000     80.00000      8.94427
  68      5.48000     70.00000      8.36660
  69      5.56000     74.00000      8.60233
  70      5.64000     69.00000      8.30662
  71      5.72000     62.00000      7.87401
  72      5.80000     71.00000      8.42615
  73      5.88000     68.00000      8.24621
  74      5.96000     59.00000      7.68115
  75      6.04000     86.00000      9.27362
  76      6.12000     71.00000      8.42615
  77      6.20000     61.00000      7.81025
  78      6.28000     71.00000      8.42615
  79      6.36000     66.00000      8.12404
  80      6.44000     63.00000      7.93725
  81      6.52000     82.00000      9.05539
  82      6.60000     70.00000      8.36660
  83      6.68000     68.00000      8.24621
  84      6.76000     73.00000      8.54400
  85      6.84000     68.00000      8.24621
  86      6.92000     73.00000      8.54400
  87      7.00000     61.00000      7.81025
  88      7.08000     72.00000      8.48528
  89      7.16000     72.00000      8.48528
  90      7.24000     72.00000      8.48528
  91      7.32000     70.00000      8.36660
  92      7.40000     74.00000      8.60233
  93      7.48000     66.00000      8.12404
  94      7.56000     64.00000      8.00000
  95      7.64000     60.00000      7.74597
  96      7.72000     89.00000      9.43398
  97      7.80000     79.00000      8.88819
  98      7.88000     73.00000      8.54400
  99      7.96000     70.00000      8.36660
