#---------- /trpos_5SL/p5SL_trpos : 100,0.00000,8.00000
   0      0.04000      0.00000      0.00000
   1      0.12000      0.00000      0.00000
   2      0.20000      0.00000      0.00000
   3      0.28000      0.00000      0.00000
   4      0.36000      2.00000      1.41421
   5      0.44000     74.00000      8.60233
   6      0.52000    205.00000     14.31782
   7      0.60000    296.00000     17.20465
   8      0.68000    389.00000     19.72308
   9      0.76000    574.00000     23.95830
  10      0.84000    932.00000     30.52868
  11      0.92000   1136.00000     33.70460
  12      1.00000   1443.00000     37.98684
  13      1.08000   1496.00000     38.67816
  14      1.16000   1313.00000     36.23534
  15      1.24000   1210.00000     34.78505
  16      1.32000   1137.00000     33.71943
  17      1.40000   1154.00000     33.97058
  18      1.48000   1353.00000     36.78315
  19      1.56000   1275.00000     35.70714
  20      1.64000    937.00000     30.61046
  21      1.72000    790.00000     28.10694
  22      1.80000    715.00000     26.73948
  23      1.88000    656.00000     25.61250
  24      1.96000    605.00000     24.59675
  25      2.04000    544.00000     23.32381
  26      2.12000    485.00000     22.02271
  27      2.20000    443.00000     21.04757
  28      2.28000    395.00000     19.87461
  29      2.36000    365.00000     19.10497
  30      2.44000    390.00000     19.74842
  31      2.52000    345.00000     18.57417
  32      2.60000    338.00000     18.38478
  33      2.68000    322.00000     17.94436
  34      2.76000    270.00000     16.43168
  35      2.84000    259.00000     16.09348
  36      2.92000    234.00000     15.29706
  37      3.00000    203.00000     14.24781
  38      3.08000    172.00000     13.11488
  39      3.16000    152.00000     12.32883
  40      3.24000    155.00000     12.44990
  41      3.32000    125.00000     11.18034
  42      3.40000    124.00000     11.13553
  43      3.48000    114.00000     10.67708
  44      3.56000    106.00000     10.29563
  45      3.64000    105.00000     10.24695
  46      3.72000     93.00000      9.64365
  47      3.80000     80.00000      8.94427
  48      3.88000     62.00000      7.87401
  49      3.96000     71.00000      8.42615
  50      4.04000     55.00000      7.41620
  51      4.12000     55.00000      7.41620
  52      4.20000     54.00000      7.34847
  53      4.28000     51.00000      7.14143
  54      4.36000     36.00000      6.00000
  55      4.44000     31.00000      5.56776
  56      4.52000     41.00000      6.40312
  57      4.60000     44.00000      6.63325
  58      4.68000     28.00000      5.29150
  59      4.76000     25.00000      5.00000
  60      4.84000     38.00000      6.16441
  61      4.92000     39.00000      6.24500
  62      5.00000     33.00000      5.74456
  63      5.08000     33.00000      5.74456
  64      5.16000     29.00000      5.38516
  65      5.24000     27.00000      5.19615
  66      5.32000     33.00000      5.74456
  67      5.40000     26.00000      5.09902
  68      5.48000     28.00000      5.29150
  69      5.56000     27.00000      5.19615
  70      5.64000     21.00000      4.58258
  71      5.72000     23.00000      4.79583
  72      5.80000     11.00000      3.31662
  73      5.88000     12.00000      3.46410
  74      5.96000     16.00000      4.00000
  75      6.04000     12.00000      3.46410
  76      6.12000     16.00000      4.00000
  77      6.20000      7.00000      2.64575
  78      6.28000     10.00000      3.16228
  79      6.36000      2.00000      1.41421
  80      6.44000     12.00000      3.46410
  81      6.52000     12.00000      3.46410
  82      6.60000      9.00000      3.00000
  83      6.68000     13.00000      3.60555
  84      6.76000      3.00000      1.73205
  85      6.84000      6.00000      2.44949
  86      6.92000      8.00000      2.82843
  87      7.00000      8.00000      2.82843
  88      7.08000      2.00000      1.41421
  89      7.16000      3.00000      1.73205
  90      7.24000      4.00000      2.00000
  91      7.32000      2.00000      1.41421
  92      7.40000      4.00000      2.00000
  93      7.48000      4.00000      2.00000
  94      7.56000      1.00000      1.00000
  95      7.64000      3.00000      1.73205
  96      7.72000      1.00000      1.00000
  97      7.80000      1.00000      1.00000
  98      7.88000      2.00000      1.41421
  99      7.96000      1.00000      1.00000
