#---------- /aipos_5SL/p5SL_aipos : 100,0.00000,8.00000
   0      0.04000      0.00000      0.00000
   1      0.12000      0.00000      0.00000
   2      0.20000      0.00000      0.00000
   3      0.28000      0.00000      0.00000
   4      0.36000      3.00000      1.73205
   5      0.44000    198.00000     14.07125
   6      0.52000    539.00000     23.21637
   7      0.60000    837.00000     28.93095
   8      0.68000    942.00000     30.69202
   9      0.76000   1331.00000     36.48287
  10      0.84000   2125.00000     46.09772
  11      0.92000   2562.00000     50.61620
  12      1.00000   3206.00000     56.62155
  13      1.08000   3183.00000     56.41808
  14      1.16000   2659.00000     51.56549
  15      1.24000   2436.00000     49.35585
  16      1.32000   2265.00000     47.59201
  17      1.40000   2355.00000     48.52834
  18      1.48000   2760.00000     52.53570
  19      1.56000   2447.00000     49.46716
  20      1.64000   1837.00000     42.86024
  21      1.72000   1536.00000     39.19184
  22      1.80000   1368.00000     36.98648
  23      1.88000   1266.00000     35.58089
  24      1.96000   1141.00000     33.77869
  25      2.04000   1010.00000     31.78050
  26      2.12000    861.00000     29.34280
  27      2.20000    796.00000     28.21347
  28      2.28000    724.00000     26.90725
  29      2.36000    670.00000     25.88436
  30      2.44000    645.00000     25.39685
  31      2.52000    582.00000     24.12468
  32      2.60000    557.00000     23.60085
  33      2.68000    459.00000     21.42429
  34      2.76000    419.00000     20.46949
  35      2.84000    410.00000     20.24846
  36      2.92000    368.00000     19.18333
  37      3.00000    312.00000     17.66352
  38      3.08000    271.00000     16.46208
  39      3.16000    265.00000     16.27882
  40      3.24000    247.00000     15.71623
  41      3.32000    160.00000     12.64911
  42      3.40000    196.00000     14.00000
  43      3.48000    178.00000     13.34166
  44      3.56000    157.00000     12.52996
  45      3.64000    171.00000     13.07670
  46      3.72000    151.00000     12.28821
  47      3.80000    118.00000     10.86278
  48      3.88000     99.00000      9.94987
  49      3.96000    115.00000     10.72381
  50      4.04000     80.00000      8.94427
  51      4.12000     90.00000      9.48683
  52      4.20000     83.00000      9.11043
  53      4.28000     82.00000      9.05539
  54      4.36000     64.00000      8.00000
  55      4.44000     55.00000      7.41620
  56      4.52000     58.00000      7.61577
  57      4.60000     54.00000      7.34847
  58      4.68000     58.00000      7.61577
  59      4.76000     37.00000      6.08276
  60      4.84000     57.00000      7.54983
  61      4.92000     52.00000      7.21110
  62      5.00000     49.00000      7.00000
  63      5.08000     42.00000      6.48074
  64      5.16000     53.00000      7.28011
  65      5.24000     41.00000      6.40312
  66      5.32000     52.00000      7.21110
  67      5.40000     34.00000      5.83095
  68      5.48000     36.00000      6.00000
  69      5.56000     33.00000      5.74456
  70      5.64000     33.00000      5.74456
  71      5.72000     31.00000      5.56776
  72      5.80000     25.00000      5.00000
  73      5.88000     21.00000      4.58258
  74      5.96000     26.00000      5.09902
  75      6.04000     17.00000      4.12311
  76      6.12000     21.00000      4.58258
  77      6.20000     12.00000      3.46410
  78      6.28000     14.00000      3.74166
  79      6.36000      8.00000      2.82843
  80      6.44000     14.00000      3.74166
  81      6.52000     14.00000      3.74166
  82      6.60000     12.00000      3.46410
  83      6.68000     14.00000      3.74166
  84      6.76000      4.00000      2.00000
  85      6.84000      9.00000      3.00000
  86      6.92000      8.00000      2.82843
  87      7.00000      8.00000      2.82843
  88      7.08000      0.00000      0.00000
  89      7.16000      6.00000      2.44949
  90      7.24000      5.00000      2.23607
  91      7.32000      4.00000      2.00000
  92      7.40000      4.00000      2.00000
  93      7.48000      5.00000      2.23607
  94      7.56000      3.00000      1.73205
  95      7.64000      4.00000      2.00000
  96      7.72000      5.00000      2.23607
  97      7.80000      1.00000      1.00000
  98      7.88000      2.00000      1.41421
  99      7.96000      1.00000      1.00000
