#---------- /aineg_5SL/p5SL_aineg : 100,0.00000,8.00000
   0      0.04000      0.00000      0.00000
   1      0.12000      0.00000      0.00000
   2      0.20000      0.00000      0.00000
   3      0.28000      0.00000      0.00000
   4      0.36000      0.00000      0.00000
   5      0.44000      2.00000      1.41421
   6      0.52000     71.00000      8.42615
   7      0.60000    272.00000     16.49242
   8      0.68000    624.00000     24.97999
   9      0.76000    804.00000     28.35489
  10      0.84000    896.00000     29.93326
  11      0.92000    925.00000     30.41381
  12      1.00000    853.00000     29.20616
  13      1.08000    842.00000     29.01724
  14      1.16000    839.00000     28.96550
  15      1.24000    751.00000     27.40438
  16      1.32000    792.00000     28.14249
  17      1.40000    691.00000     26.28688
  18      1.48000    696.00000     26.38181
  19      1.56000    612.00000     24.73863
  20      1.64000    591.00000     24.31049
  21      1.72000    497.00000     22.29350
  22      1.80000    441.00000     21.00000
  23      1.88000    409.00000     20.22375
  24      1.96000    391.00000     19.77372
  25      2.04000    340.00000     18.43909
  26      2.12000    291.00000     17.05872
  27      2.20000    271.00000     16.46208
  28      2.28000    239.00000     15.45963
  29      2.36000    223.00000     14.93318
  30      2.44000    259.00000     16.09348
  31      2.52000    195.00000     13.96424
  32      2.60000    209.00000     14.45683
  33      2.68000    178.00000     13.34166
  34      2.76000    192.00000     13.85641
  35      2.84000    182.00000     13.49074
  36      2.92000    157.00000     12.52996
  37      3.00000    154.00000     12.40967
  38      3.08000    153.00000     12.36932
  39      3.16000    160.00000     12.64911
  40      3.24000    154.00000     12.40967
  41      3.32000    105.00000     10.24695
  42      3.40000    127.00000     11.26943
  43      3.48000    118.00000     10.86278
  44      3.56000    127.00000     11.26943
  45      3.64000    124.00000     11.13553
  46      3.72000    110.00000     10.48809
  47      3.80000    134.00000     11.57584
  48      3.88000    120.00000     10.95445
  49      3.96000    127.00000     11.26943
  50      4.04000    102.00000     10.09950
  51      4.12000    114.00000     10.67708
  52      4.20000    104.00000     10.19804
  53      4.28000    103.00000     10.14889
  54      4.36000     98.00000      9.89950
  55      4.44000    121.00000     11.00000
  56      4.52000    137.00000     11.70470
  57      4.60000    110.00000     10.48809
  58      4.68000     98.00000      9.89950
  59      4.76000    119.00000     10.90871
  60      4.84000    137.00000     11.70470
  61      4.92000    129.00000     11.35782
  62      5.00000    113.00000     10.63015
  63      5.08000    133.00000     11.53256
  64      5.16000    128.00000     11.31371
  65      5.24000    116.00000     10.77033
  66      5.32000    115.00000     10.72381
  67      5.40000    126.00000     11.22497
  68      5.48000    114.00000     10.67708
  69      5.56000    126.00000     11.22497
  70      5.64000    109.00000     10.44031
  71      5.72000    115.00000     10.72381
  72      5.80000    119.00000     10.90871
  73      5.88000    111.00000     10.53565
  74      5.96000    100.00000     10.00000
  75      6.04000    128.00000     11.31371
  76      6.12000    103.00000     10.14889
  77      6.20000    101.00000     10.04988
  78      6.28000    105.00000     10.24695
  79      6.36000    116.00000     10.77033
  80      6.44000     97.00000      9.84886
  81      6.52000    101.00000     10.04988
  82      6.60000    118.00000     10.86278
  83      6.68000    102.00000     10.09950
  84      6.76000    114.00000     10.67708
  85      6.84000    114.00000     10.67708
  86      6.92000    111.00000     10.53565
  87      7.00000     92.00000      9.59166
  88      7.08000    106.00000     10.29563
  89      7.16000    110.00000     10.48809
  90      7.24000    102.00000     10.09950
  91      7.32000    121.00000     11.00000
  92      7.40000    106.00000     10.29563
  93      7.48000    101.00000     10.04988
  94      7.56000    104.00000     10.19804
  95      7.64000     97.00000      9.84886
  96      7.72000    119.00000     10.90871
  97      7.80000    104.00000     10.19804
  98      7.88000    112.00000     10.58300
  99      7.96000     93.00000      9.64365
