#---------- /trpos_6SL/p6SL_trpos : 100,0.00000,8.00000
   0      0.04000      0.00000      0.00000
   1      0.12000      0.00000      0.00000
   2      0.20000      0.00000      0.00000
   3      0.28000      0.00000      0.00000
   4      0.36000      0.00000      0.00000
   5      0.44000    149.00000     12.20656
   6      0.52000   1062.00000     32.58834
   7      0.60000   2383.00000     48.81598
   8      0.68000   3535.00000     59.45587
   9      0.76000   5097.00000     71.39328
  10      0.84000   8991.00000     94.82088
  11      0.92000  11436.00000    106.93923
  12      1.00000  14785.00000    121.59358
  13      1.08000  14980.00000    122.39281
  14      1.16000  13263.00000    115.16510
  15      1.24000  12269.00000    110.76552
  16      1.32000  11969.00000    109.40292
  17      1.40000  12285.00000    110.83772
  18      1.48000  14212.00000    119.21410
  19      1.56000  13204.00000    114.90866
  20      1.64000   9507.00000     97.50385
  21      1.72000   7977.00000     89.31406
  22      1.80000   7282.00000     85.33463
  23      1.88000   6466.00000     80.41145
  24      1.96000   5935.00000     77.03895
  25      2.04000   5350.00000     73.14369
  26      2.12000   4933.00000     70.23532
  27      2.20000   4460.00000     66.78323
  28      2.28000   4067.00000     63.77304
  29      2.36000   3613.00000     60.10823
  30      2.44000   3339.00000     57.78408
  31      2.52000   2991.00000     54.69004
  32      2.60000   2635.00000     51.33225
  33      2.68000   2490.00000     49.89990
  34      2.76000   2213.00000     47.04253
  35      2.84000   2103.00000     45.85848
  36      2.92000   1963.00000     44.30576
  37      3.00000   1756.00000     41.90466
  38      3.08000   1718.00000     41.44876
  39      3.16000   1574.00000     39.67367
  40      3.24000   1420.00000     37.68289
  41      3.32000   1294.00000     35.97221
  42      3.40000   1137.00000     33.71943
  43      3.48000   1115.00000     33.39162
  44      3.56000    966.00000     31.08054
  45      3.64000    926.00000     30.43025
  46      3.72000    817.00000     28.58321
  47      3.80000    756.00000     27.49545
  48      3.88000    671.00000     25.90367
  49      3.96000    637.00000     25.23886
  50      4.04000    582.00000     24.12468
  51      4.12000    550.00000     23.45208
  52      4.20000    478.00000     21.86321
  53      4.28000    448.00000     21.16601
  54      4.36000    408.00000     20.19901
  55      4.44000    383.00000     19.57038
  56      4.52000    338.00000     18.38478
  57      4.60000    354.00000     18.81489
  58      4.68000    366.00000     19.13113
  59      4.76000    347.00000     18.62794
  60      4.84000    348.00000     18.65476
  61      4.92000    365.00000     19.10497
  62      5.00000    339.00000     18.41195
  63      5.08000    352.00000     18.76166
  64      5.16000    304.00000     17.43560
  65      5.24000    308.00000     17.54993
  66      5.32000    302.00000     17.37815
  67      5.40000    224.00000     14.96663
  68      5.48000    227.00000     15.06652
  69      5.56000    228.00000     15.09967
  70      5.64000    195.00000     13.96424
  71      5.72000    190.00000     13.78405
  72      5.80000    149.00000     12.20656
  73      5.88000    157.00000     12.52996
  74      5.96000    129.00000     11.35782
  75      6.04000    106.00000     10.29563
  76      6.12000     97.00000      9.84886
  77      6.20000    121.00000     11.00000
  78      6.28000    102.00000     10.09950
  79      6.36000     86.00000      9.27362
  80      6.44000     76.00000      8.71780
  81      6.52000     67.00000      8.18535
  82      6.60000     62.00000      7.87401
  83      6.68000     67.00000      8.18535
  84      6.76000     52.00000      7.21110
  85      6.84000     48.00000      6.92820
  86      6.92000     40.00000      6.32456
  87      7.00000     35.00000      5.91608
  88      7.08000     32.00000      5.65685
  89      7.16000     39.00000      6.24500
  90      7.24000     23.00000      4.79583
  91      7.32000     23.00000      4.79583
  92      7.40000     22.00000      4.69042
  93      7.48000     23.00000      4.79583
  94      7.56000     21.00000      4.58258
  95      7.64000     16.00000      4.00000
  96      7.72000     16.00000      4.00000
  97      7.80000      8.00000      2.82843
  98      7.88000      8.00000      2.82843
  99      7.96000     11.00000      3.31662
