#---------- /aipos_6SL/p6SL_aipos : 100,0.00000,8.00000
   0      0.04000      0.00000      0.00000
   1      0.12000      0.00000      0.00000
   2      0.20000      0.00000      0.00000
   3      0.28000      0.00000      0.00000
   4      0.36000      0.00000      0.00000
   5      0.44000    147.00000     12.12436
   6      0.52000   1059.00000     32.54228
   7      0.60000   2385.00000     48.83646
   8      0.68000   3618.00000     60.14981
   9      0.76000   5204.00000     72.13876
  10      0.84000   9243.00000     96.14053
  11      0.92000  11889.00000    109.03669
  12      1.00000  15292.00000    123.66083
  13      1.08000  15513.00000    124.55119
  14      1.16000  13774.00000    117.36269
  15      1.24000  12750.00000    112.91590
  16      1.32000  12455.00000    111.60197
  17      1.40000  12792.00000    113.10172
  18      1.48000  14655.00000    121.05784
  19      1.56000  13650.00000    116.83321
  20      1.64000   9900.00000     99.49874
  21      1.72000   8343.00000     91.34003
  22      1.80000   7579.00000     87.05745
  23      1.88000   6776.00000     82.31646
  24      1.96000   6163.00000     78.50478
  25      2.04000   5571.00000     74.63913
  26      2.12000   5112.00000     71.49825
  27      2.20000   4635.00000     68.08083
  28      2.28000   4240.00000     65.11528
  29      2.36000   3775.00000     61.44103
  30      2.44000   3471.00000     58.91519
  31      2.52000   3108.00000     55.74944
  32      2.60000   2746.00000     52.40229
  33      2.68000   2561.00000     50.60632
  34      2.76000   2300.00000     47.95832
  35      2.84000   2178.00000     46.66905
  36      2.92000   2047.00000     45.24379
  37      3.00000   1810.00000     42.54409
  38      3.08000   1763.00000     41.98809
  39      3.16000   1636.00000     40.44750
  40      3.24000   1470.00000     38.34058
  41      3.32000   1351.00000     36.75595
  42      3.40000   1170.00000     34.20526
  43      3.48000   1154.00000     33.97058
  44      3.56000   1001.00000     31.63858
  45      3.64000    947.00000     30.77337
  46      3.72000    845.00000     29.06888
  47      3.80000    795.00000     28.19574
  48      3.88000    707.00000     26.58947
  49      3.96000    652.00000     25.53429
  50      4.04000    607.00000     24.63737
  51      4.12000    573.00000     23.93742
  52      4.20000    490.00000     22.13594
  53      4.28000    460.00000     21.44761
  54      4.36000    413.00000     20.32240
  55      4.44000    397.00000     19.92486
  56      4.52000    347.00000     18.62794
  57      4.60000    370.00000     19.23538
  58      4.68000    370.00000     19.23538
  59      4.76000    359.00000     18.94730
  60      4.84000    359.00000     18.94730
  61      4.92000    378.00000     19.44222
  62      5.00000    360.00000     18.97367
  63      5.08000    357.00000     18.89444
  64      5.16000    308.00000     17.54993
  65      5.24000    317.00000     17.80449
  66      5.32000    305.00000     17.46425
  67      5.40000    230.00000     15.16575
  68      5.48000    230.00000     15.16575
  69      5.56000    233.00000     15.26434
  70      5.64000    201.00000     14.17745
  71      5.72000    195.00000     13.96424
  72      5.80000    151.00000     12.28821
  73      5.88000    167.00000     12.92285
  74      5.96000    135.00000     11.61895
  75      6.04000    108.00000     10.39230
  76      6.12000    102.00000     10.09950
  77      6.20000    122.00000     11.04536
  78      6.28000    104.00000     10.19804
  79      6.36000     88.00000      9.38083
  80      6.44000     78.00000      8.83176
  81      6.52000     70.00000      8.36660
  82      6.60000     63.00000      7.93725
  83      6.68000     66.00000      8.12404
  84      6.76000     53.00000      7.28011
  85      6.84000     49.00000      7.00000
  86      6.92000     40.00000      6.32456
  87      7.00000     37.00000      6.08276
  88      7.08000     32.00000      5.65685
  89      7.16000     40.00000      6.32456
  90      7.24000     24.00000      4.89898
  91      7.32000     23.00000      4.79583
  92      7.40000     22.00000      4.69042
  93      7.48000     23.00000      4.79583
  94      7.56000     20.00000      4.47214
  95      7.64000     15.00000      3.87298
  96      7.72000     16.00000      4.00000
  97      7.80000      8.00000      2.82843
  98      7.88000      8.00000      2.82843
  99      7.96000     10.00000      3.16228
