#---------- /trneg_6SL/p6SL_trneg : 100,0.00000,8.00000
   0      0.04000      0.00000      0.00000
   1      0.12000      0.00000      0.00000
   2      0.20000      0.00000      0.00000
   3      0.28000      0.00000      0.00000
   4      0.36000      0.00000      0.00000
   5      0.44000     15.00000      3.87298
   6      0.52000    261.00000     16.15549
   7      0.60000   1324.00000     36.38681
   8      0.68000   2752.00000     52.45951
   9      0.76000   3883.00000     62.31372
  10      0.84000   4445.00000     66.67083
  11      0.92000   4517.00000     67.20863
  12      1.00000   4530.00000     67.30527
  13      1.08000   4249.00000     65.18436
  14      1.16000   4032.00000     63.49803
  15      1.24000   3725.00000     61.03278
  16      1.32000   3557.00000     59.64059
  17      1.40000   3252.00000     57.02631
  18      1.48000   3125.00000     55.90170
  19      1.56000   2984.00000     54.62600
  20      1.64000   2641.00000     51.39066
  21      1.72000   2435.00000     49.34572
  22      1.80000   2221.00000     47.12749
  23      1.88000   2024.00000     44.98889
  24      1.96000   1807.00000     42.50882
  25      2.04000   1648.00000     40.59557
  26      2.12000   1477.00000     38.43176
  27      2.20000   1350.00000     36.74235
  28      2.28000   1266.00000     35.58089
  29      2.36000   1176.00000     34.29286
  30      2.44000   1091.00000     33.03029
  31      2.52000    997.00000     31.57531
  32      2.60000    933.00000     30.54505
  33      2.68000    910.00000     30.16621
  34      2.76000    836.00000     28.91366
  35      2.84000    845.00000     29.06888
  36      2.92000    780.00000     27.92848
  37      3.00000    770.00000     27.74887
  38      3.08000    753.00000     27.44085
  39      3.16000    681.00000     26.09598
  40      3.24000    716.00000     26.75818
  41      3.32000    662.00000     25.72936
  42      3.40000    668.00000     25.84570
  43      3.48000    611.00000     24.71841
  44      3.56000    633.00000     25.15949
  45      3.64000    598.00000     24.45404
  46      3.72000    618.00000     24.85961
  47      3.80000    625.00000     25.00000
  48      3.88000    604.00000     24.57641
  49      3.96000    562.00000     23.70654
  50      4.04000    547.00000     23.38803
  51      4.12000    548.00000     23.40940
  52      4.20000    578.00000     24.04163
  53      4.28000    534.00000     23.10844
  54      4.36000    579.00000     24.06242
  55      4.44000    591.00000     24.31049
  56      4.52000    540.00000     23.23790
  57      4.60000    498.00000     22.31591
  58      4.68000    576.00000     24.00000
  59      4.76000    518.00000     22.75961
  60      4.84000    593.00000     24.35159
  61      4.92000    599.00000     24.47448
  62      5.00000    554.00000     23.53720
  63      5.08000    551.00000     23.47339
  64      5.16000    629.00000     25.07987
  65      5.24000    583.00000     24.14539
  66      5.32000    576.00000     24.00000
  67      5.40000    563.00000     23.72762
  68      5.48000    554.00000     23.53720
  69      5.56000    543.00000     23.30236
  70      5.64000    577.00000     24.02082
  71      5.72000    565.00000     23.76973
  72      5.80000    532.00000     23.06512
  73      5.88000    561.00000     23.68544
  74      5.96000    560.00000     23.66432
  75      6.04000    551.00000     23.47339
  76      6.12000    546.00000     23.36664
  77      6.20000    546.00000     23.36664
  78      6.28000    550.00000     23.45208
  79      6.36000    514.00000     22.67157
  80      6.44000    561.00000     23.68544
  81      6.52000    546.00000     23.36664
  82      6.60000    571.00000     23.89561
  83      6.68000    530.00000     23.02173
  84      6.76000    567.00000     23.81176
  85      6.84000    498.00000     22.31591
  86      6.92000    557.00000     23.60085
  87      7.00000    526.00000     22.93469
  88      7.08000    579.00000     24.06242
  89      7.16000    555.00000     23.55844
  90      7.24000    528.00000     22.97825
  91      7.32000    530.00000     23.02173
  92      7.40000    493.00000     22.20360
  93      7.48000    538.00000     23.19483
  94      7.56000    565.00000     23.76973
  95      7.64000    522.00000     22.84732
  96      7.72000    483.00000     21.97726
  97      7.80000    470.00000     21.67948
  98      7.88000    512.00000     22.62742
  99      7.96000    445.00000     21.09502
