#---------- /aineg_6SL/p6SL_aineg : 100,0.00000,8.00000
   0      0.04000      0.00000      0.00000
   1      0.12000      0.00000      0.00000
   2      0.20000      0.00000      0.00000
   3      0.28000      0.00000      0.00000
   4      0.36000      1.00000      1.00000
   5      0.44000     13.00000      3.60555
   6      0.52000    251.00000     15.84298
   7      0.60000   1276.00000     35.72114
   8      0.68000   2656.00000     51.53640
   9      0.76000   3774.00000     61.43289
  10      0.84000   4353.00000     65.97727
  11      0.92000   4427.00000     66.53571
  12      1.00000   4497.00000     67.05968
  13      1.08000   4192.00000     64.74566
  14      1.16000   4050.00000     63.63961
  15      1.24000   3775.00000     61.44103
  16      1.32000   3575.00000     59.79131
  17      1.40000   3294.00000     57.39338
  18      1.48000   3199.00000     56.55970
  19      1.56000   3031.00000     55.05452
  20      1.64000   2674.00000     51.71074
  21      1.72000   2508.00000     50.07994
  22      1.80000   2267.00000     47.61302
  23      1.88000   2082.00000     45.62894
  24      1.96000   1813.00000     42.57934
  25      2.04000   1680.00000     40.98780
  26      2.12000   1545.00000     39.30649
  27      2.20000   1372.00000     37.04052
  28      2.28000   1318.00000     36.30427
  29      2.36000   1219.00000     34.91418
  30      2.44000   1126.00000     33.55592
  31      2.52000   1040.00000     32.24903
  32      2.60000    975.00000     31.22499
  33      2.68000    949.00000     30.80584
  34      2.76000    874.00000     29.56349
  35      2.84000    871.00000     29.51271
  36      2.92000    804.00000     28.35489
  37      3.00000    796.00000     28.21347
  38      3.08000    763.00000     27.62245
  39      3.16000    709.00000     26.62705
  40      3.24000    741.00000     27.22132
  41      3.32000    682.00000     26.11513
  42      3.40000    699.00000     26.43861
  43      3.48000    630.00000     25.09980
  44      3.56000    657.00000     25.63201
  45      3.64000    635.00000     25.19921
  46      3.72000    651.00000     25.51470
  47      3.80000    648.00000     25.45584
  48      3.88000    634.00000     25.17936
  49      3.96000    573.00000     23.93742
  50      4.04000    565.00000     23.76973
  51      4.12000    577.00000     24.02082
  52      4.20000    597.00000     24.43358
  53      4.28000    551.00000     23.47339
  54      4.36000    599.00000     24.47448
  55      4.44000    606.00000     24.61707
  56      4.52000    546.00000     23.36664
  57      4.60000    511.00000     22.60531
  58      4.68000    601.00000     24.51530
  59      4.76000    534.00000     23.10844
  60      4.84000    601.00000     24.51530
  61      4.92000    626.00000     25.01999
  62      5.00000    569.00000     23.85372
  63      5.08000    596.00000     24.41311
  64      5.16000    642.00000     25.33772
  65      5.24000    601.00000     24.51530
  66      5.32000    585.00000     24.18677
  67      5.40000    583.00000     24.14539
  68      5.48000    568.00000     23.83275
  69      5.56000    563.00000     23.72762
  70      5.64000    597.00000     24.43358
  71      5.72000    573.00000     23.93742
  72      5.80000    544.00000     23.32381
  73      5.88000    587.00000     24.22808
  74      5.96000    577.00000     24.02082
  75      6.04000    559.00000     23.64318
  76      6.12000    558.00000     23.62202
  77      6.20000    567.00000     23.81176
  78      6.28000    569.00000     23.85372
  79      6.36000    531.00000     23.04344
  80      6.44000    574.00000     23.95830
  81      6.52000    560.00000     23.66432
  82      6.60000    579.00000     24.06242
  83      6.68000    539.00000     23.21637
  84      6.76000    589.00000     24.26932
  85      6.84000    510.00000     22.58318
  86      6.92000    563.00000     23.72762
  87      7.00000    542.00000     23.28089
  88      7.08000    595.00000     24.39262
  89      7.16000    563.00000     23.72762
  90      7.24000    542.00000     23.28089
  91      7.32000    546.00000     23.36664
  92      7.40000    511.00000     22.60531
  93      7.48000    549.00000     23.43075
  94      7.56000    562.00000     23.70654
  95      7.64000    525.00000     22.91288
  96      7.72000    493.00000     22.20360
  97      7.80000    486.00000     22.04541
  98      7.88000    514.00000     22.67157
  99      7.96000    471.00000     21.70253
