#---------- /aineg_summary/p_aineg : 100,0.00000,8.00000
   0      0.04000      0.00000      0.00000
   1      0.12000      0.00000      0.00000
   2      0.20000      0.00000      0.00000
   3      0.28000      0.00000      0.00000
   4      0.36000      1.00000      1.00000
   5      0.44000     15.00000      3.87298
   6      0.52000    322.00000     17.94436
   7      0.60000   1549.00000     39.35734
   8      0.68000   3285.00000     57.31492
   9      0.76000   4579.00000     67.66831
  10      0.84000   5250.00000     72.45689
  11      0.92000   5357.00000     73.19153
  12      1.00000   5351.00000     73.15053
  13      1.08000   5035.00000     70.95773
  14      1.16000   4890.00000     69.92854
  15      1.24000   4526.00000     67.27555
  16      1.32000   4367.00000     66.08328
  17      1.40000   3985.00000     63.12686
  18      1.48000   3897.00000     62.42596
  19      1.56000   3643.00000     60.35727
  20      1.64000   3266.00000     57.14893
  21      1.72000   3006.00000     54.82700
  22      1.80000   2708.00000     52.03845
  23      1.88000   2491.00000     49.90992
  24      1.96000   2206.00000     46.96807
  25      2.04000   2020.00000     44.94441
  26      2.12000   1836.00000     42.84857
  27      2.20000   1643.00000     40.53394
  28      2.28000   1557.00000     39.45884
  29      2.36000   1442.00000     37.97367
  30      2.44000   1385.00000     37.21559
  31      2.52000   1235.00000     35.14257
  32      2.60000   1185.00000     34.42383
  33      2.68000   1127.00000     33.57082
  34      2.76000   1066.00000     32.64965
  35      2.84000   1053.00000     32.44996
  36      2.92000    961.00000     31.00000
  37      3.00000    950.00000     30.82207
  38      3.08000    916.00000     30.26549
  39      3.16000    869.00000     29.47881
  40      3.24000    895.00000     29.91655
  41      3.32000    787.00000     28.05352
  42      3.40000    826.00000     28.74022
  43      3.48000    748.00000     27.34959
  44      3.56000    784.00000     28.00000
  45      3.64000    759.00000     27.54996
  46      3.72000    761.00000     27.58623
  47      3.80000    782.00000     27.96426
  48      3.88000    754.00000     27.45906
  49      3.96000    700.00000     26.45751
  50      4.04000    667.00000     25.82634
  51      4.12000    691.00000     26.28688
  52      4.20000    701.00000     26.47640
  53      4.28000    654.00000     25.57342
  54      4.36000    697.00000     26.40076
  55      4.44000    727.00000     26.96294
  56      4.52000    683.00000     26.13427
  57      4.60000    621.00000     24.91987
  58      4.68000    699.00000     26.43861
  59      4.76000    653.00000     25.55387
  60      4.84000    738.00000     27.16615
  61      4.92000    755.00000     27.47726
  62      5.00000    682.00000     26.11513
  63      5.08000    729.00000     27.00000
  64      5.16000    770.00000     27.74887
  65      5.24000    717.00000     26.77686
  66      5.32000    700.00000     26.45751
  67      5.40000    709.00000     26.62705
  68      5.48000    682.00000     26.11513
  69      5.56000    689.00000     26.24881
  70      5.64000    706.00000     26.57066
  71      5.72000    688.00000     26.22975
  72      5.80000    663.00000     25.74879
  73      5.88000    698.00000     26.41969
  74      5.96000    677.00000     26.01922
  75      6.04000    687.00000     26.21069
  76      6.12000    661.00000     25.70992
  77      6.20000    668.00000     25.84570
  78      6.28000    674.00000     25.96151
  79      6.36000    647.00000     25.43620
  80      6.44000    671.00000     25.90367
  81      6.52000    661.00000     25.70992
  82      6.60000    697.00000     26.40076
  83      6.68000    641.00000     25.31798
  84      6.76000    703.00000     26.51415
  85      6.84000    624.00000     24.97999
  86      6.92000    674.00000     25.96151
  87      7.00000    634.00000     25.17936
  88      7.08000    701.00000     26.47640
  89      7.16000    673.00000     25.94224
  90      7.24000    644.00000     25.37716
  91      7.32000    667.00000     25.82634
  92      7.40000    617.00000     24.83949
  93      7.48000    650.00000     25.49510
  94      7.56000    666.00000     25.80698
  95      7.64000    622.00000     24.93993
  96      7.72000    612.00000     24.73863
  97      7.80000    590.00000     24.28992
  98      7.88000    626.00000     25.01999
  99      7.96000    564.00000     23.74868
