#---------- /aipos_summary/p_aipos : 100,0.00000,8.00000
   0      0.04000      0.00000      0.00000
   1      0.12000      0.00000      0.00000
   2      0.20000      0.00000      0.00000
   3      0.28000      0.00000      0.00000
   4      0.36000      3.00000      1.73205
   5      0.44000    345.00000     18.57417
   6      0.52000   1598.00000     39.97499
   7      0.60000   3222.00000     56.76266
   8      0.68000   4560.00000     67.52777
   9      0.76000   6536.00000     80.84554
  10      0.84000  11372.00000    106.63958
  11      0.92000  14453.00000    120.22063
  12      1.00000  18499.00000    136.01103
  13      1.08000  18697.00000    136.73697
  14      1.16000  16437.00000    128.20686
  15      1.24000  15190.00000    123.24772
  16      1.32000  14722.00000    121.33425
  17      1.40000  15150.00000    123.08533
  18      1.48000  17417.00000    131.97348
  19      1.56000  16100.00000    126.88577
  20      1.64000  11737.00000    108.33743
  21      1.72000   9880.00000     99.39819
  22      1.80000   8947.00000     94.58858
  23      1.88000   8043.00000     89.68278
  24      1.96000   7305.00000     85.46929
  25      2.04000   6583.00000     81.13569
  26      2.12000   5975.00000     77.29813
  27      2.20000   5432.00000     73.70210
  28      2.28000   4964.00000     70.45566
  29      2.36000   4446.00000     66.67833
  30      2.44000   4117.00000     64.16386
  31      2.52000   3691.00000     60.75360
  32      2.60000   3303.00000     57.47173
  33      2.68000   3020.00000     54.95452
  34      2.76000   2719.00000     52.14403
  35      2.84000   2588.00000     50.87239
  36      2.92000   2415.00000     49.14265
  37      3.00000   2123.00000     46.07602
  38      3.08000   2034.00000     45.09989
  39      3.16000   1902.00000     43.61192
  40      3.24000   1717.00000     41.43670
  41      3.32000   1511.00000     38.87158
  42      3.40000   1366.00000     36.95944
  43      3.48000   1332.00000     36.49657
  44      3.56000   1158.00000     34.02940
  45      3.64000   1118.00000     33.43651
  46      3.72000    996.00000     31.55947
  47      3.80000    914.00000     30.23243
  48      3.88000    806.00000     28.39014
  49      3.96000    767.00000     27.69477
  50      4.04000    687.00000     26.21069
  51      4.12000    663.00000     25.74879
  52      4.20000    573.00000     23.93742
  53      4.28000    542.00000     23.28089
  54      4.36000    477.00000     21.84033
  55      4.44000    452.00000     21.26029
  56      4.52000    405.00000     20.12461
  57      4.60000    424.00000     20.59126
  58      4.68000    428.00000     20.68816
  59      4.76000    396.00000     19.89975
  60      4.84000    416.00000     20.39608
  61      4.92000    430.00000     20.73644
  62      5.00000    409.00000     20.22375
  63      5.08000    399.00000     19.97499
  64      5.16000    361.00000     19.00000
  65      5.24000    358.00000     18.92089
  66      5.32000    357.00000     18.89444
  67      5.40000    264.00000     16.24808
  68      5.48000    266.00000     16.30951
  69      5.56000    266.00000     16.30951
  70      5.64000    234.00000     15.29706
  71      5.72000    226.00000     15.03330
  72      5.80000    176.00000     13.26650
  73      5.88000    188.00000     13.71131
  74      5.96000    161.00000     12.68858
  75      6.04000    125.00000     11.18034
  76      6.12000    123.00000     11.09054
  77      6.20000    134.00000     11.57584
  78      6.28000    118.00000     10.86278
  79      6.36000     96.00000      9.79796
  80      6.44000     92.00000      9.59166
  81      6.52000     84.00000      9.16515
  82      6.60000     75.00000      8.66025
  83      6.68000     80.00000      8.94427
  84      6.76000     57.00000      7.54983
  85      6.84000     58.00000      7.61577
  86      6.92000     48.00000      6.92820
  87      7.00000     45.00000      6.70820
  88      7.08000     32.00000      5.65685
  89      7.16000     46.00000      6.78233
  90      7.24000     29.00000      5.38516
  91      7.32000     27.00000      5.19615
  92      7.40000     26.00000      5.09902
  93      7.48000     28.00000      5.29150
  94      7.56000     23.00000      4.79583
  95      7.64000     19.00000      4.35890
  96      7.72000     21.00000      4.58258
  97      7.80000      9.00000      3.00000
  98      7.88000     10.00000      3.16228
  99      7.96000     11.00000      3.31662
