#---------- /trpos_summary/p_trpos : 100,0.00000,8.00000
   0      0.04000      0.00000      0.00000
   1      0.12000      0.00000      0.00000
   2      0.20000      0.00000      0.00000
   3      0.28000      0.00000      0.00000
   4      0.36000      2.00000      1.41421
   5      0.44000    225.00000     15.00000
   6      0.52000   1274.00000     35.69314
   7      0.60000   2702.00000     51.98077
   8      0.68000   3954.00000     62.88084
   9      0.76000   5719.00000     75.62407
  10      0.84000   9990.00000     99.94999
  11      0.92000  12643.00000    112.44109
  12      1.00000  16291.00000    127.63620
  13      1.08000  16549.00000    128.64291
  14      1.16000  14657.00000    121.06610
  15      1.24000  13530.00000    116.31853
  16      1.32000  13160.00000    114.71704
  17      1.40000  13493.00000    116.15937
  18      1.48000  15617.00000    124.96799
  19      1.56000  14519.00000    120.49481
  20      1.64000  10478.00000    102.36210
  21      1.72000   8810.00000     93.86160
  22      1.80000   8011.00000     89.50419
  23      1.88000   7141.00000     84.50444
  24      1.96000   6563.00000     81.01234
  25      2.04000   5912.00000     76.88953
  26      2.12000   5432.00000     73.70210
  27      2.20000   4912.00000     70.08566
  28      2.28000   4477.00000     66.91039
  29      2.36000   3988.00000     63.15061
  30      2.44000   3745.00000     61.19640
  31      2.52000   3342.00000     57.81003
  32      2.60000   2979.00000     54.58022
  33      2.68000   2818.00000     53.08484
  34      2.76000   2486.00000     49.85980
  35      2.84000   2368.00000     48.66210
  36      2.92000   2201.00000     46.91482
  37      3.00000   1964.00000     44.31704
  38      3.08000   1894.00000     43.52011
  39      3.16000   1727.00000     41.55719
  40      3.24000   1579.00000     39.73663
  41      3.32000   1422.00000     37.70942
  42      3.40000   1262.00000     35.52464
  43      3.48000   1230.00000     35.07136
  44      3.56000   1076.00000     32.80244
  45      3.64000   1031.00000     32.10919
  46      3.72000    910.00000     30.16621
  47      3.80000    838.00000     28.94823
  48      3.88000    733.00000     27.07397
  49      3.96000    710.00000     26.64582
  50      4.04000    637.00000     25.23886
  51      4.12000    606.00000     24.61707
  52      4.20000    532.00000     23.06512
  53      4.28000    499.00000     22.33831
  54      4.36000    445.00000     21.09502
  55      4.44000    414.00000     20.34699
  56      4.52000    379.00000     19.46792
  57      4.60000    398.00000     19.94994
  58      4.68000    394.00000     19.84943
  59      4.76000    372.00000     19.28730
  60      4.84000    387.00000     19.67232
  61      4.92000    404.00000     20.09975
  62      5.00000    372.00000     19.28730
  63      5.08000    385.00000     19.62142
  64      5.16000    334.00000     18.27567
  65      5.24000    335.00000     18.30301
  66      5.32000    335.00000     18.30301
  67      5.40000    250.00000     15.81139
  68      5.48000    255.00000     15.96872
  69      5.56000    256.00000     16.00000
  70      5.64000    217.00000     14.73092
  71      5.72000    213.00000     14.59452
  72      5.80000    160.00000     12.64911
  73      5.88000    169.00000     13.00000
  74      5.96000    145.00000     12.04159
  75      6.04000    118.00000     10.86278
  76      6.12000    113.00000     10.63015
  77      6.20000    128.00000     11.31371
  78      6.28000    112.00000     10.58300
  79      6.36000     88.00000      9.38083
  80      6.44000     89.00000      9.43398
  81      6.52000     79.00000      8.88819
  82      6.60000     71.00000      8.42615
  83      6.68000     81.00000      9.00000
  84      6.76000     55.00000      7.41620
  85      6.84000     54.00000      7.34847
  86      6.92000     49.00000      7.00000
  87      7.00000     43.00000      6.55744
  88      7.08000     34.00000      5.83095
  89      7.16000     42.00000      6.48074
  90      7.24000     28.00000      5.29150
  91      7.32000     25.00000      5.00000
  92      7.40000     26.00000      5.09902
  93      7.48000     27.00000      5.19615
  94      7.56000     22.00000      4.69042
  95      7.64000     19.00000      4.35890
  96      7.72000     17.00000      4.12311
  97      7.80000      9.00000      3.00000
  98      7.88000     10.00000      3.16228
  99      7.96000     12.00000      3.46410
