#---------- /trneg_summary/p_trneg : 100,0.00000,8.00000
   0      0.04000      0.00000      0.00000
   1      0.12000      0.00000      0.00000
   2      0.20000      0.00000      0.00000
   3      0.28000      0.00000      0.00000
   4      0.36000      0.00000      0.00000
   5      0.44000     20.00000      4.47214
   6      0.52000    321.00000     17.91647
   7      0.60000   1484.00000     38.52272
   8      0.68000   3109.00000     55.75841
   9      0.76000   4309.00000     65.64297
  10      0.84000   4901.00000     70.00714
  11      0.92000   5009.00000     70.77429
  12      1.00000   4960.00000     70.42727
  13      1.08000   4655.00000     68.22756
  14      1.16000   4470.00000     66.85806
  15      1.24000   4114.00000     64.14047
  16      1.32000   3932.00000     62.70566
  17      1.40000   3616.00000     60.13319
  18      1.48000   3470.00000     58.90671
  19      1.56000   3317.00000     57.59340
  20      1.64000   2936.00000     54.18487
  21      1.72000   2695.00000     51.91339
  22      1.80000   2464.00000     49.63869
  23      1.88000   2240.00000     47.32864
  24      1.96000   2017.00000     44.91102
  25      2.04000   1837.00000     42.86024
  26      2.12000   1627.00000     40.33609
  27      2.20000   1496.00000     38.67816
  28      2.28000   1402.00000     37.44329
  29      2.36000   1287.00000     35.87478
  30      2.44000   1202.00000     34.66987
  31      2.52000   1123.00000     33.51119
  32      2.60000   1041.00000     32.26453
  33      2.68000   1024.00000     32.00000
  34      2.76000    937.00000     30.61046
  35      2.84000    946.00000     30.75711
  36      2.92000    864.00000     29.39388
  37      3.00000    852.00000     29.18904
  38      3.08000    834.00000     28.87906
  39      3.16000    769.00000     27.73085
  40      3.24000    811.00000     28.47806
  41      3.32000    718.00000     26.79552
  42      3.40000    751.00000     27.40438
  43      3.48000    682.00000     26.11513
  44      3.56000    701.00000     26.47640
  45      3.64000    666.00000     25.80698
  46      3.72000    677.00000     26.01922
  47      3.80000    702.00000     26.49528
  48      3.88000    670.00000     25.88436
  49      3.96000    629.00000     25.07987
  50      4.04000    605.00000     24.59675
  51      4.12000    614.00000     24.77902
  52      4.20000    628.00000     25.05993
  53      4.28000    594.00000     24.37212
  54      4.36000    638.00000     25.25866
  55      4.44000    653.00000     25.55387
  56      4.52000    617.00000     24.83949
  57      4.60000    561.00000     23.68544
  58      4.68000    633.00000     25.15949
  59      4.76000    589.00000     24.26932
  60      4.84000    676.00000     26.00000
  61      4.92000    684.00000     26.15339
  62      5.00000    629.00000     25.07987
  63      5.08000    619.00000     24.87971
  64      5.16000    706.00000     26.57066
  65      5.24000    650.00000     25.49510
  66      5.32000    650.00000     25.49510
  67      5.40000    645.00000     25.39685
  68      5.48000    626.00000     25.01999
  69      5.56000    617.00000     24.83949
  70      5.64000    647.00000     25.43620
  71      5.72000    627.00000     25.03997
  72      5.80000    604.00000     24.57641
  73      5.88000    630.00000     25.09980
  74      5.96000    621.00000     24.91987
  75      6.04000    638.00000     25.25866
  76      6.12000    618.00000     24.85961
  77      6.20000    607.00000     24.63737
  78      6.28000    622.00000     24.93993
  79      6.36000    582.00000     24.12468
  80      6.44000    625.00000     25.00000
  81      6.52000    629.00000     25.07987
  82      6.60000    641.00000     25.31798
  83      6.68000    598.00000     24.45404
  84      6.76000    641.00000     25.31798
  85      6.84000    567.00000     23.81176
  86      6.92000    631.00000     25.11971
  87      7.00000    587.00000     24.22808
  88      7.08000    652.00000     25.53429
  89      7.16000    627.00000     25.03997
  90      7.24000    600.00000     24.49490
  91      7.32000    600.00000     24.49490
  92      7.40000    569.00000     23.85372
  93      7.48000    605.00000     24.59675
  94      7.56000    629.00000     25.07987
  95      7.64000    582.00000     24.12468
  96      7.72000    573.00000     23.93742
  97      7.80000    549.00000     23.43075
  98      7.88000    586.00000     24.20744
  99      7.96000    515.00000     22.69361
