#---------- /aipos_5SL/theta5SL_aipos : 100,0.00000,40.00000
   0      0.20000      0.00000      0.00000
   1      0.60000      0.00000      0.00000
   2      1.00000      0.00000      0.00000
   3      1.40000      0.00000      0.00000
   4      1.80000      0.00000      0.00000
   5      2.20000      0.00000      0.00000
   6      2.60000      0.00000      0.00000
   7      3.00000      2.00000      1.41421
   8      3.40000      1.00000      1.00000
   9      3.80000      2.00000      1.41421
  10      4.20000      3.00000      1.73205
  11      4.60000      8.00000      2.82843
  12      5.00000     16.00000      4.00000
  13      5.40000    139.00000     11.78983
  14      5.80000    294.00000     17.14643
  15      6.20000    410.00000     20.24846
  16      6.60000    583.00000     24.14539
  17      7.00000    667.00000     25.82634
  18      7.40000    732.00000     27.05550
  19      7.80000    700.00000     26.45751
  20      8.20000    790.00000     28.10694
  21      8.60000    875.00000     29.58040
  22      9.00000    835.00000     28.89637
  23      9.40000    882.00000     29.69848
  24      9.80000    891.00000     29.84962
  25     10.20000    902.00000     30.03332
  26     10.60000    953.00000     30.87070
  27     11.00000    971.00000     31.16087
  28     11.40000    989.00000     31.44837
  29     11.80000    943.00000     30.70831
  30     12.20000   1027.00000     32.04684
  31     12.60000   1022.00000     31.96873
  32     13.00000   1012.00000     31.81195
  33     13.40000    984.00000     31.36877
  34     13.80000    987.00000     31.41656
  35     14.20000   1008.00000     31.74902
  36     14.60000   1030.00000     32.09361
  37     15.00000    988.00000     31.43247
  38     15.40000   1012.00000     31.81195
  39     15.80000    969.00000     31.12877
  40     16.20000    919.00000     30.31501
  41     16.60000    945.00000     30.74085
  42     17.00000    937.00000     30.61046
  43     17.40000    914.00000     30.23243
  44     17.80000    837.00000     28.93095
  45     18.20000    928.00000     30.46309
  46     18.60000    939.00000     30.64311
  47     19.00000    874.00000     29.56349
  48     19.40000    906.00000     30.09983
  49     19.80000    841.00000     29.00000
  50     20.20000    861.00000     29.34280
  51     20.60000    870.00000     29.49576
  52     21.00000    788.00000     28.07134
  53     21.40000    823.00000     28.68798
  54     21.80000    788.00000     28.07134
  55     22.20000    776.00000     27.85678
  56     22.60000    761.00000     27.58623
  57     23.00000    681.00000     26.09598
  58     23.40000    649.00000     25.47548
  59     23.80000    618.00000     24.85961
  60     24.20000    652.00000     25.53429
  61     24.60000    582.00000     24.12468
  62     25.00000    533.00000     23.08679
  63     25.40000    482.00000     21.95450
  64     25.80000    483.00000     21.97726
  65     26.20000    495.00000     22.24860
  66     26.60000    401.00000     20.02498
  67     27.00000    372.00000     19.28730
  68     27.40000    328.00000     18.11077
  69     27.80000    323.00000     17.97220
  70     28.20000    266.00000     16.30951
  71     28.60000    249.00000     15.77973
  72     29.00000    260.00000     16.12452
  73     29.40000    226.00000     15.03330
  74     29.80000    178.00000     13.34166
  75     30.20000    185.00000     13.60147
  76     30.60000    192.00000     13.85641
  77     31.00000    182.00000     13.49074
  78     31.40000    216.00000     14.69694
  79     31.80000    171.00000     13.07670
  80     32.20000    181.00000     13.45362
  81     32.60000    197.00000     14.03567
  82     33.00000    162.00000     12.72792
  83     33.40000    145.00000     12.04159
  84     33.80000    136.00000     11.66190
  85     34.20000    146.00000     12.08305
  86     34.60000    120.00000     10.95445
  87     35.00000    141.00000     11.87434
  88     35.40000    124.00000     11.13553
  89     35.80000    116.00000     10.77033
  90     36.20000     83.00000      9.11043
  91     36.60000     77.00000      8.77496
  92     37.00000     85.00000      9.21954
  93     37.40000     66.00000      8.12404
  94     37.80000     73.00000      8.54400
  95     38.20000     57.00000      7.54983
  96     38.60000     59.00000      7.68115
  97     39.00000     33.00000      5.74456
  98     39.40000     29.00000      5.38516
  99     39.80000     35.00000      5.91608
