#---------- /trneg_summary/theta_trneg : 100,0.00000,40.00000
   0      0.20000      0.00000      0.00000
   1      0.60000      0.00000      0.00000
   2      1.00000      0.00000      0.00000
   3      1.40000      0.00000      0.00000
   4      1.80000      0.00000      0.00000
   5      2.20000      0.00000      0.00000
   6      2.60000      0.00000      0.00000
   7      3.00000      0.00000      0.00000
   8      3.40000      0.00000      0.00000
   9      3.80000      0.00000      0.00000
  10      4.20000      0.00000      0.00000
  11      4.60000      0.00000      0.00000
  12      5.00000      1.00000      1.00000
  13      5.40000      0.00000      0.00000
  14      5.80000      0.00000      0.00000
  15      6.20000    226.00000     15.03330
  16      6.60000    890.00000     29.83287
  17      7.00000   1469.00000     38.32754
  18      7.40000   1988.00000     44.58699
  19      7.80000   2242.00000     47.34976
  20      8.20000   2435.00000     49.34572
  21      8.60000   2506.00000     50.05996
  22      9.00000   2664.00000     51.61395
  23      9.40000   2597.00000     50.96077
  24      9.80000   2740.00000     52.34501
  25     10.20000   2598.00000     50.97058
  26     10.60000   2534.00000     50.33885
  27     11.00000   2490.00000     49.89990
  28     11.40000   2251.00000     47.44471
  29     11.80000   2210.00000     47.01064
  30     12.20000   2117.00000     46.01087
  31     12.60000   1982.00000     44.51966
  32     13.00000   1919.00000     43.80639
  33     13.40000   1849.00000     43.00000
  34     13.80000   1835.00000     42.83690
  35     14.20000   1753.00000     41.86884
  36     14.60000   1769.00000     42.05948
  37     15.00000   1694.00000     41.15823
  38     15.40000   1701.00000     41.24318
  39     15.80000   1736.00000     41.66533
  40     16.20000   1701.00000     41.24318
  41     16.60000   1796.00000     42.37924
  42     17.00000   1758.00000     41.92851
  43     17.40000   1784.00000     42.23742
  44     17.80000   1798.00000     42.40283
  45     18.20000   1754.00000     41.88078
  46     18.60000   1884.00000     43.40507
  47     19.00000   1745.00000     41.77320
  48     19.40000   1774.00000     42.11888
  49     19.80000   1683.00000     41.02438
  50     20.20000   1820.00000     42.66146
  51     20.60000   1730.00000     41.59327
  52     21.00000   1718.00000     41.44876
  53     21.40000   1672.00000     40.89009
  54     21.80000   1765.00000     42.01190
  55     22.20000   1693.00000     41.14608
  56     22.60000   1663.00000     40.77990
  57     23.00000   1644.00000     40.54627
  58     23.40000   1651.00000     40.63250
  59     23.80000   1524.00000     39.03844
  60     24.20000   1636.00000     40.44750
  61     24.60000   1577.00000     39.71146
  62     25.00000   1564.00000     39.54744
  63     25.40000   1432.00000     37.84177
  64     25.80000   1367.00000     36.97296
  65     26.20000   1362.00000     36.90528
  66     26.60000   1361.00000     36.89174
  67     27.00000   1369.00000     37.00000
  68     27.40000   1338.00000     36.57868
  69     27.80000   1277.00000     35.73514
  70     28.20000   1319.00000     36.31804
  71     28.60000   1295.00000     35.98611
  72     29.00000   1198.00000     34.61214
  73     29.40000   1231.00000     35.08561
  74     29.80000   1167.00000     34.16138
  75     30.20000   1182.00000     34.38023
  76     30.60000   1210.00000     34.78505
  77     31.00000   1134.00000     33.67492
  78     31.40000   1175.00000     34.27827
  79     31.80000   1125.00000     33.54102
  80     32.20000   1068.00000     32.68027
  81     32.60000   1029.00000     32.07803
  82     33.00000   1008.00000     31.74902
  83     33.40000   1012.00000     31.81195
  84     33.80000   1021.00000     31.95309
  85     34.20000    986.00000     31.40064
  86     34.60000    970.00000     31.14482
  87     35.00000    888.00000     29.79933
  88     35.40000    869.00000     29.47881
  89     35.80000    883.00000     29.71532
  90     36.20000    749.00000     27.36786
  91     36.60000    694.00000     26.34388
  92     37.00000    631.00000     25.11971
  93     37.40000    562.00000     23.70654
  94     37.80000    491.00000     22.15852
  95     38.20000    467.00000     21.61018
  96     38.60000    379.00000     19.46792
  97     39.00000    312.00000     17.66352
  98     39.40000    266.00000     16.30951
  99     39.80000    258.00000     16.06238
