#---------- /aipos_6SL/theta6SL_aipos : 100,0.00000,40.00000
   0      0.20000      0.00000      0.00000
   1      0.60000      0.00000      0.00000
   2      1.00000      0.00000      0.00000
   3      1.40000      0.00000      0.00000
   4      1.80000      0.00000      0.00000
   5      2.20000      1.00000      1.00000
   6      2.60000      2.00000      1.41421
   7      3.00000      3.00000      1.73205
   8      3.40000      2.00000      1.41421
   9      3.80000      7.00000      2.64575
  10      4.20000     14.00000      3.74166
  11      4.60000     24.00000      4.89898
  12      5.00000     69.00000      8.30662
  13      5.40000    984.00000     31.36877
  14      5.80000   2542.00000     50.41825
  15      6.20000   3504.00000     59.19460
  16      6.60000   4216.00000     64.93073
  17      7.00000   4444.00000     66.66333
  18      7.40000   4396.00000     66.30234
  19      7.80000   4785.00000     69.17369
  20      8.20000   4767.00000     69.04346
  21      8.60000   5064.00000     71.16179
  22      9.00000   4909.00000     70.06425
  23      9.40000   5060.00000     71.13367
  24      9.80000   5123.00000     71.57513
  25     10.20000   5338.00000     73.06161
  26     10.60000   5482.00000     74.04053
  27     11.00000   5375.00000     73.31439
  28     11.40000   5408.00000     73.53911
  29     11.80000   5314.00000     72.89719
  30     12.20000   5376.00000     73.32121
  31     12.60000   5366.00000     73.25298
  32     13.00000   5256.00000     72.49828
  33     13.40000   5120.00000     71.55418
  34     13.80000   5156.00000     71.80529
  35     14.20000   5170.00000     71.90271
  36     14.60000   5097.00000     71.39328
  37     15.00000   5222.00000     72.26340
  38     15.40000   4940.00000     70.28513
  39     15.80000   4936.00000     70.25668
  40     16.20000   4681.00000     68.41783
  41     16.60000   4783.00000     69.15923
  42     17.00000   4726.00000     68.74591
  43     17.40000   4652.00000     68.20557
  44     17.80000   4454.00000     66.73830
  45     18.20000   4418.00000     66.46804
  46     18.60000   4369.00000     66.09841
  47     19.00000   4442.00000     66.64833
  48     19.40000   4218.00000     64.94613
  49     19.80000   4201.00000     64.81512
  50     20.20000   4048.00000     63.62389
  51     20.60000   4047.00000     63.61604
  52     21.00000   3897.00000     62.42596
  53     21.40000   3796.00000     61.61169
  54     21.80000   3819.00000     61.79806
  55     22.20000   3536.00000     59.46428
  56     22.60000   3415.00000     58.43800
  57     23.00000   3309.00000     57.52391
  58     23.40000   3237.00000     56.89464
  59     23.80000   2976.00000     54.55273
  60     24.20000   2905.00000     53.89805
  61     24.60000   2777.00000     52.69725
  62     25.00000   2559.00000     50.58656
  63     25.40000   2446.00000     49.45705
  64     25.80000   2257.00000     47.50789
  65     26.20000   2098.00000     45.80393
  66     26.60000   1950.00000     44.15881
  67     27.00000   1770.00000     42.07137
  68     27.40000   1530.00000     39.11522
  69     27.80000   1469.00000     38.32754
  70     28.20000   1322.00000     36.35932
  71     28.60000   1150.00000     33.91165
  72     29.00000   1122.00000     33.49627
  73     29.40000   1020.00000     31.93744
  74     29.80000    956.00000     30.91925
  75     30.20000    854.00000     29.22328
  76     30.60000    844.00000     29.05168
  77     31.00000    872.00000     29.52965
  78     31.40000    789.00000     28.08914
  79     31.80000    675.00000     25.98076
  80     32.20000    696.00000     26.38181
  81     32.60000    631.00000     25.11971
  82     33.00000    626.00000     25.01999
  83     33.40000    593.00000     24.35159
  84     33.80000    594.00000     24.37212
  85     34.20000    536.00000     23.15167
  86     34.60000    514.00000     22.67157
  87     35.00000    512.00000     22.62742
  88     35.40000    512.00000     22.62742
  89     35.80000    487.00000     22.06808
  90     36.20000    391.00000     19.77372
  91     36.60000    381.00000     19.51922
  92     37.00000    319.00000     17.86057
  93     37.40000    256.00000     16.00000
  94     37.80000    232.00000     15.23155
  95     38.20000    208.00000     14.42220
  96     38.60000    163.00000     12.76715
  97     39.00000    179.00000     13.37909
  98     39.40000    128.00000     11.31371
  99     39.80000     98.00000      9.89950
