#---------- /trpos_5SL/theta5SL_trpos : 100,0.00000,40.00000
   0      0.20000      0.00000      0.00000
   1      0.60000      0.00000      0.00000
   2      1.00000      0.00000      0.00000
   3      1.40000      0.00000      0.00000
   4      1.80000      0.00000      0.00000
   5      2.20000      0.00000      0.00000
   6      2.60000      0.00000      0.00000
   7      3.00000      2.00000      1.41421
   8      3.40000      0.00000      0.00000
   9      3.80000      2.00000      1.41421
  10      4.20000      4.00000      2.00000
  11      4.60000     12.00000      3.46410
  12      5.00000     32.00000      5.65685
  13      5.40000    125.00000     11.18034
  14      5.80000    261.00000     16.15549
  15      6.20000    361.00000     19.00000
  16      6.60000    470.00000     21.67948
  17      7.00000    520.00000     22.80351
  18      7.40000    565.00000     23.76973
  19      7.80000    512.00000     22.62742
  20      8.20000    571.00000     23.89561
  21      8.60000    609.00000     24.67793
  22      9.00000    560.00000     23.66432
  23      9.40000    607.00000     24.63737
  24      9.80000    588.00000     24.24871
  25     10.20000    535.00000     23.13007
  26     10.60000    568.00000     23.83275
  27     11.00000    570.00000     23.87467
  28     11.40000    592.00000     24.33105
  29     11.80000    548.00000     23.40940
  30     12.20000    576.00000     24.00000
  31     12.60000    556.00000     23.57965
  32     13.00000    518.00000     22.75961
  33     13.40000    505.00000     22.47220
  34     13.80000    513.00000     22.64950
  35     14.20000    468.00000     21.63331
  36     14.60000    529.00000     23.00000
  37     15.00000    468.00000     21.63331
  38     15.40000    454.00000     21.30728
  39     15.80000    465.00000     21.56386
  40     16.20000    406.00000     20.14944
  41     16.60000    405.00000     20.12461
  42     17.00000    437.00000     20.90454
  43     17.40000    410.00000     20.24846
  44     17.80000    419.00000     20.46949
  45     18.20000    402.00000     20.04994
  46     18.60000    397.00000     19.92486
  47     19.00000    406.00000     20.14944
  48     19.40000    389.00000     19.72308
  49     19.80000    369.00000     19.20937
  50     20.20000    367.00000     19.15724
  51     20.60000    358.00000     18.92089
  52     21.00000    318.00000     17.83255
  53     21.40000    341.00000     18.46618
  54     21.80000    330.00000     18.16590
  55     22.20000    281.00000     16.76305
  56     22.60000    312.00000     17.66352
  57     23.00000    286.00000     16.91154
  58     23.40000    254.00000     15.93738
  59     23.80000    258.00000     16.06238
  60     24.20000    248.00000     15.74802
  61     24.60000    230.00000     15.16575
  62     25.00000    198.00000     14.07125
  63     25.40000    200.00000     14.14214
  64     25.80000    208.00000     14.42220
  65     26.20000    195.00000     13.96424
  66     26.60000    146.00000     12.08305
  67     27.00000    160.00000     12.64911
  68     27.40000    118.00000     10.86278
  69     27.80000    111.00000     10.53565
  70     28.20000    107.00000     10.34408
  71     28.60000     91.00000      9.53939
  72     29.00000     94.00000      9.69536
  73     29.40000     79.00000      8.88819
  74     29.80000     72.00000      8.48528
  75     30.20000     77.00000      8.77496
  76     30.60000     71.00000      8.42615
  77     31.00000     75.00000      8.66025
  78     31.40000     87.00000      9.32738
  79     31.80000     76.00000      8.71780
  80     32.20000     69.00000      8.30662
  81     32.60000    102.00000     10.09950
  82     33.00000     70.00000      8.36660
  83     33.40000     77.00000      8.77496
  84     33.80000     62.00000      7.87401
  85     34.20000     80.00000      8.94427
  86     34.60000     66.00000      8.12404
  87     35.00000     77.00000      8.77496
  88     35.40000     55.00000      7.41620
  89     35.80000     57.00000      7.54983
  90     36.20000     49.00000      7.00000
  91     36.60000     42.00000      6.48074
  92     37.00000     45.00000      6.70820
  93     37.40000     42.00000      6.48074
  94     37.80000     27.00000      5.19615
  95     38.20000     20.00000      4.47214
  96     38.60000     27.00000      5.19615
  97     39.00000     19.00000      4.35890
  98     39.40000     12.00000      3.46410
  99     39.80000     20.00000      4.47214
