#---------- /trpos_summary/theta_trpos : 100,0.00000,40.00000
   0      0.20000      0.00000      0.00000
   1      0.60000      0.00000      0.00000
   2      1.00000      0.00000      0.00000
   3      1.40000      0.00000      0.00000
   4      1.80000      1.00000      1.00000
   5      2.20000      1.00000      1.00000
   6      2.60000      4.00000      2.00000
   7      3.00000      5.00000      2.23607
   8      3.40000      3.00000      1.73205
   9      3.80000     11.00000      3.31662
  10      4.20000     19.00000      4.35890
  11      4.60000     36.00000      6.00000
  12      5.00000    104.00000     10.19804
  13      5.40000   1096.00000     33.10589
  14      5.80000   2789.00000     52.81099
  15      6.20000   3844.00000     62.00000
  16      6.60000   4622.00000     67.98529
  17      7.00000   4921.00000     70.14984
  18      7.40000   4879.00000     69.84984
  19      7.80000   5196.00000     72.08328
  20      8.20000   5254.00000     72.48448
  21      8.60000   5538.00000     74.41774
  22      9.00000   5329.00000     73.00000
  23      9.40000   5504.00000     74.18895
  24      9.80000   5545.00000     74.46476
  25     10.20000   5669.00000     75.29276
  26     10.60000   5853.00000     76.50490
  27     11.00000   5738.00000     75.74959
  28     11.40000   5813.00000     76.24303
  29     11.80000   5639.00000     75.09328
  30     12.20000   5749.00000     75.82216
  31     12.60000   5647.00000     75.14652
  32     13.00000   5576.00000     74.67262
  33     13.40000   5424.00000     73.64781
  34     13.80000   5456.00000     73.86474
  35     14.20000   5471.00000     73.96621
  36     14.60000   5414.00000     73.57989
  37     15.00000   5456.00000     73.86474
  38     15.40000   5165.00000     71.86794
  39     15.80000   5212.00000     72.19418
  40     16.20000   4906.00000     70.04285
  41     16.60000   4986.00000     70.61161
  42     17.00000   4978.00000     70.55495
  43     17.40000   4928.00000     70.19971
  44     17.80000   4716.00000     68.67314
  45     18.20000   4643.00000     68.13956
  46     18.60000   4615.00000     67.93379
  47     19.00000   4728.00000     68.76045
  48     19.40000   4449.00000     66.70082
  49     19.80000   4418.00000     66.46804
  50     20.20000   4268.00000     65.32993
  51     20.60000   4239.00000     65.10760
  52     21.00000   4094.00000     63.98437
  53     21.40000   4001.00000     63.25346
  54     21.80000   4008.00000     63.30877
  55     22.20000   3688.00000     60.72890
  56     22.60000   3634.00000     60.28267
  57     23.00000   3499.00000     59.15235
  58     23.40000   3422.00000     58.49786
  59     23.80000   3161.00000     56.22277
  60     24.20000   3051.00000     55.23586
  61     24.60000   2932.00000     54.14795
  62     25.00000   2713.00000     52.08647
  63     25.40000   2558.00000     50.57668
  64     25.80000   2412.00000     49.11212
  65     26.20000   2266.00000     47.60252
  66     26.60000   2056.00000     45.34314
  67     27.00000   1880.00000     43.35897
  68     27.40000   1616.00000     40.19950
  69     27.80000   1569.00000     39.61060
  70     28.20000   1420.00000     37.68289
  71     28.60000   1206.00000     34.72751
  72     29.00000   1186.00000     34.43835
  73     29.40000   1093.00000     33.06055
  74     29.80000   1018.00000     31.90611
  75     30.20000    888.00000     29.79933
  76     30.60000    922.00000     30.36445
  77     31.00000    918.00000     30.29852
  78     31.40000    885.00000     29.74895
  79     31.80000    740.00000     27.20294
  80     32.20000    756.00000     27.49545
  81     32.60000    719.00000     26.81417
  82     33.00000    675.00000     25.98076
  83     33.40000    663.00000     25.74879
  84     33.80000    629.00000     25.07987
  85     34.20000    610.00000     24.69818
  86     34.60000    559.00000     23.64318
  87     35.00000    575.00000     23.97916
  88     35.40000    555.00000     23.55844
  89     35.80000    531.00000     23.04344
  90     36.20000    443.00000     21.04757
  91     36.60000    424.00000     20.59126
  92     37.00000    354.00000     18.81489
  93     37.40000    302.00000     17.37815
  94     37.80000    251.00000     15.84298
  95     38.20000    235.00000     15.32971
  96     38.60000    186.00000     13.63818
  97     39.00000    189.00000     13.74773
  98     39.40000    134.00000     11.57584
  99     39.80000    119.00000     10.90871
