#---------- /aineg_5SL/theta5SL_aineg : 100,0.00000,40.00000
   0      0.20000      0.00000      0.00000
   1      0.60000      0.00000      0.00000
   2      1.00000      0.00000      0.00000
   3      1.40000      0.00000      0.00000
   4      1.80000      0.00000      0.00000
   5      2.20000      0.00000      0.00000
   6      2.60000      0.00000      0.00000
   7      3.00000      0.00000      0.00000
   8      3.40000      0.00000      0.00000
   9      3.80000      0.00000      0.00000
  10      4.20000      0.00000      0.00000
  11      4.60000      0.00000      0.00000
  12      5.00000      0.00000      0.00000
  13      5.40000      0.00000      0.00000
  14      5.80000      0.00000      0.00000
  15      6.20000    189.00000     13.74773
  16      6.60000    290.00000     17.02939
  17      7.00000    264.00000     16.24808
  18      7.40000    338.00000     18.38478
  19      7.80000    391.00000     19.77372
  20      8.20000    469.00000     21.65641
  21      8.60000    446.00000     21.11871
  22      9.00000    476.00000     21.81742
  23      9.40000    518.00000     22.75961
  24      9.80000    444.00000     21.07131
  25     10.20000    471.00000     21.70253
  26     10.60000    443.00000     21.04757
  27     11.00000    438.00000     20.92845
  28     11.40000    442.00000     21.02380
  29     11.80000    417.00000     20.42058
  30     12.20000    402.00000     20.04994
  31     12.60000    348.00000     18.65476
  32     13.00000    339.00000     18.41195
  33     13.40000    356.00000     18.86796
  34     13.80000    373.00000     19.31321
  35     14.20000    368.00000     19.18333
  36     14.60000    334.00000     18.27567
  37     15.00000    334.00000     18.27567
  38     15.40000    351.00000     18.73499
  39     15.80000    307.00000     17.52142
  40     16.20000    301.00000     17.34935
  41     16.60000    343.00000     18.52026
  42     17.00000    367.00000     19.15724
  43     17.40000    365.00000     19.10497
  44     17.80000    343.00000     18.52026
  45     18.20000    340.00000     18.43909
  46     18.60000    355.00000     18.84144
  47     19.00000    326.00000     18.05547
  48     19.40000    316.00000     17.77639
  49     19.80000    346.00000     18.60108
  50     20.20000    328.00000     18.11077
  51     20.60000    312.00000     17.66352
  52     21.00000    350.00000     18.70829
  53     21.40000    337.00000     18.35756
  54     21.80000    343.00000     18.52026
  55     22.20000    309.00000     17.57840
  56     22.60000    350.00000     18.70829
  57     23.00000    296.00000     17.20465
  58     23.40000    308.00000     17.54993
  59     23.80000    321.00000     17.91647
  60     24.20000    305.00000     17.46425
  61     24.60000    308.00000     17.54993
  62     25.00000    327.00000     18.08314
  63     25.40000    256.00000     16.00000
  64     25.80000    277.00000     16.64332
  65     26.20000    265.00000     16.27882
  66     26.60000    290.00000     17.02939
  67     27.00000    232.00000     15.23155
  68     27.40000    261.00000     16.15549
  69     27.80000    264.00000     16.24808
  70     28.20000    239.00000     15.45963
  71     28.60000    218.00000     14.76482
  72     29.00000    240.00000     15.49193
  73     29.40000    220.00000     14.83240
  74     29.80000    214.00000     14.62874
  75     30.20000    211.00000     14.52584
  76     30.60000    197.00000     14.03567
  77     31.00000    194.00000     13.92839
  78     31.40000    200.00000     14.14214
  79     31.80000    192.00000     13.85641
  80     32.20000    184.00000     13.56466
  81     32.60000    196.00000     14.00000
  82     33.00000    153.00000     12.36932
  83     33.40000    159.00000     12.60952
  84     33.80000    168.00000     12.96148
  85     34.20000    152.00000     12.32883
  86     34.60000    168.00000     12.96148
  87     35.00000    156.00000     12.49000
  88     35.40000    161.00000     12.68858
  89     35.80000    140.00000     11.83216
  90     36.20000    129.00000     11.35782
  91     36.60000    132.00000     11.48913
  92     37.00000     96.00000      9.79796
  93     37.40000     78.00000      8.83176
  94     37.80000     81.00000      9.00000
  95     38.20000     69.00000      8.30662
  96     38.60000     48.00000      6.92820
  97     39.00000     47.00000      6.85565
  98     39.40000     42.00000      6.48074
  99     39.80000     36.00000      6.00000
