#---------- /trneg_6SL/theta6SL_trneg : 100,0.00000,40.00000
   0      0.20000      0.00000      0.00000
   1      0.60000      0.00000      0.00000
   2      1.00000      0.00000      0.00000
   3      1.40000      0.00000      0.00000
   4      1.80000      0.00000      0.00000
   5      2.20000      0.00000      0.00000
   6      2.60000      0.00000      0.00000
   7      3.00000      0.00000      0.00000
   8      3.40000      0.00000      0.00000
   9      3.80000      0.00000      0.00000
  10      4.20000      0.00000      0.00000
  11      4.60000      0.00000      0.00000
  12      5.00000      0.00000      0.00000
  13      5.40000      0.00000      0.00000
  14      5.80000      0.00000      0.00000
  15      6.20000     55.00000      7.41620
  16      6.60000    636.00000     25.21904
  17      7.00000   1264.00000     35.55278
  18      7.40000   1713.00000     41.38840
  19      7.80000   1976.00000     44.45222
  20      8.20000   2102.00000     45.84757
  21      8.60000   2205.00000     46.95743
  22      9.00000   2365.00000     48.63127
  23      9.40000   2265.00000     47.59201
  24      9.80000   2459.00000     49.58831
  25     10.20000   2280.00000     47.74934
  26     10.60000   2236.00000     47.28636
  27     11.00000   2192.00000     46.81880
  28     11.40000   1983.00000     44.53089
  29     11.80000   1962.00000     44.29447
  30     12.20000   1880.00000     43.35897
  31     12.60000   1792.00000     42.33202
  32     13.00000   1716.00000     41.42463
  33     13.40000   1627.00000     40.33609
  34     13.80000   1615.00000     40.18706
  35     14.20000   1549.00000     39.35734
  36     14.60000   1576.00000     39.69887
  37     15.00000   1511.00000     38.87158
  38     15.40000   1512.00000     38.88445
  39     15.80000   1566.00000     39.57272
  40     16.20000   1536.00000     39.19184
  41     16.60000   1611.00000     40.13726
  42     17.00000   1569.00000     39.61060
  43     17.40000   1596.00000     39.94997
  44     17.80000   1623.00000     40.28647
  45     18.20000   1572.00000     39.64846
  46     18.60000   1694.00000     41.15823
  47     19.00000   1573.00000     39.66106
  48     19.40000   1594.00000     39.92493
  49     19.80000   1530.00000     39.11522
  50     20.20000   1630.00000     40.37326
  51     20.60000   1539.00000     39.23009
  52     21.00000   1529.00000     39.10243
  53     21.40000   1513.00000     38.89730
  54     21.80000   1581.00000     39.76179
  55     22.20000   1516.00000     38.93584
  56     22.60000   1484.00000     38.52272
  57     23.00000   1491.00000     38.61347
  58     23.40000   1484.00000     38.52272
  59     23.80000   1361.00000     36.89174
  60     24.20000   1479.00000     38.45777
  61     24.60000   1421.00000     37.69616
  62     25.00000   1406.00000     37.49667
  63     25.40000   1290.00000     35.91657
  64     25.80000   1234.00000     35.12834
  65     26.20000   1239.00000     35.19943
  66     26.60000   1237.00000     35.17101
  67     27.00000   1244.00000     35.27039
  68     27.40000   1213.00000     34.82815
  69     27.80000   1150.00000     33.91165
  70     28.20000   1206.00000     34.72751
  71     28.60000   1195.00000     34.56877
  72     29.00000   1089.00000     33.00000
  73     29.40000   1111.00000     33.33167
  74     29.80000   1077.00000     32.81768
  75     30.20000   1079.00000     32.84814
  76     30.60000   1109.00000     33.30165
  77     31.00000   1046.00000     32.34192
  78     31.40000   1050.00000     32.40370
  79     31.80000   1023.00000     31.98437
  80     32.20000    970.00000     31.14482
  81     32.60000    930.00000     30.49590
  82     33.00000    917.00000     30.28201
  83     33.40000    926.00000     30.43025
  84     33.80000    934.00000     30.56141
  85     34.20000    918.00000     30.29852
  86     34.60000    882.00000     29.69848
  87     35.00000    816.00000     28.56571
  88     35.40000    787.00000     28.05352
  89     35.80000    812.00000     28.49561
  90     36.20000    678.00000     26.03843
  91     36.60000    636.00000     25.21904
  92     37.00000    575.00000     23.97916
  93     37.40000    511.00000     22.60531
  94     37.80000    448.00000     21.16601
  95     38.20000    419.00000     20.46949
  96     38.60000    357.00000     18.89444
  97     39.00000    282.00000     16.79286
  98     39.40000    244.00000     15.62050
  99     39.80000    239.00000     15.45963
