#---------- /aineg_summary/theta_aineg : 100,0.00000,40.00000
   0      0.20000      0.00000      0.00000
   1      0.60000      0.00000      0.00000
   2      1.00000      0.00000      0.00000
   3      1.40000      0.00000      0.00000
   4      1.80000      0.00000      0.00000
   5      2.20000      0.00000      0.00000
   6      2.60000      0.00000      0.00000
   7      3.00000      0.00000      0.00000
   8      3.40000      0.00000      0.00000
   9      3.80000      0.00000      0.00000
  10      4.20000      0.00000      0.00000
  11      4.60000      0.00000      0.00000
  12      5.00000      0.00000      0.00000
  13      5.40000      0.00000      0.00000
  14      5.80000      0.00000      0.00000
  15      6.20000    243.00000     15.58846
  16      6.60000    930.00000     30.49590
  17      7.00000   1535.00000     39.17908
  18      7.40000   2050.00000     45.27692
  19      7.80000   2364.00000     48.62098
  20      8.20000   2602.00000     51.00980
  21      8.60000   2684.00000     51.80733
  22      9.00000   2885.00000     53.71220
  23      9.40000   2840.00000     53.29165
  24      9.80000   2959.00000     54.39669
  25     10.20000   2817.00000     53.07542
  26     10.60000   2762.00000     52.55473
  27     11.00000   2704.00000     52.00000
  28     11.40000   2482.00000     49.81968
  29     11.80000   2446.00000     49.45705
  30     12.20000   2324.00000     48.20788
  31     12.60000   2239.00000     47.31807
  32     13.00000   2116.00000     46.00000
  33     13.40000   2046.00000     45.23273
  34     13.80000   2053.00000     45.31004
  35     14.20000   1969.00000     44.37342
  36     14.60000   1960.00000     44.27189
  37     15.00000   1904.00000     43.63485
  38     15.40000   1927.00000     43.89761
  39     15.80000   1910.00000     43.70355
  40     16.20000   1896.00000     43.54308
  41     16.60000   2016.00000     44.89989
  42     17.00000   2024.00000     44.98889
  43     17.40000   2021.00000     44.95553
  44     17.80000   2043.00000     45.19956
  45     18.20000   1976.00000     44.45222
  46     18.60000   2123.00000     46.07602
  47     19.00000   1970.00000     44.38468
  48     19.40000   1984.00000     44.54211
  49     19.80000   1927.00000     43.89761
  50     20.20000   1999.00000     44.71018
  51     20.60000   1892.00000     43.49713
  52     21.00000   1898.00000     43.56604
  53     21.40000   1869.00000     43.23193
  54     21.80000   1966.00000     44.33960
  55     22.20000   1891.00000     43.48563
  56     22.60000   1855.00000     43.06971
  57     23.00000   1817.00000     42.62628
  58     23.40000   1804.00000     42.47352
  59     23.80000   1716.00000     41.42463
  60     24.20000   1786.00000     42.26109
  61     24.60000   1723.00000     41.50904
  62     25.00000   1700.00000     41.23106
  63     25.40000   1563.00000     39.53479
  64     25.80000   1501.00000     38.74274
  65     26.20000   1497.00000     38.69109
  66     26.60000   1552.00000     39.39543
  67     27.00000   1465.00000     38.27532
  68     27.40000   1442.00000     37.97367
  69     27.80000   1391.00000     37.29611
  70     28.20000   1432.00000     37.84177
  71     28.60000   1390.00000     37.28270
  72     29.00000   1320.00000     36.33180
  73     29.40000   1339.00000     36.59235
  74     29.80000   1286.00000     35.86084
  75     30.20000   1305.00000     36.12478
  76     30.60000   1284.00000     35.83295
  77     31.00000   1242.00000     35.24202
  78     31.40000   1226.00000     35.01428
  79     31.80000   1190.00000     34.49638
  80     32.20000   1136.00000     33.70460
  81     32.60000   1097.00000     33.12099
  82     33.00000   1042.00000     32.28003
  83     33.40000   1089.00000     33.00000
  84     33.80000   1072.00000     32.74141
  85     34.20000   1036.00000     32.18695
  86     34.60000   1027.00000     32.04684
  87     35.00000    944.00000     30.72458
  88     35.40000    941.00000     30.67572
  89     35.80000    943.00000     30.70831
  90     36.20000    783.00000     27.98214
  91     36.60000    744.00000     27.27636
  92     37.00000    651.00000     25.51470
  93     37.40000    577.00000     24.02082
  94     37.80000    517.00000     22.73763
  95     38.20000    480.00000     21.90890
  96     38.60000    398.00000     19.94994
  97     39.00000    327.00000     18.08314
  98     39.40000    276.00000     16.61325
  99     39.80000    273.00000     16.52271
