#---------- /aineg_6SL/theta6SL_aineg : 100,0.00000,40.00000
   0      0.20000      0.00000      0.00000
   1      0.60000      0.00000      0.00000
   2      1.00000      0.00000      0.00000
   3      1.40000      0.00000      0.00000
   4      1.80000      0.00000      0.00000
   5      2.20000      0.00000      0.00000
   6      2.60000      0.00000      0.00000
   7      3.00000      0.00000      0.00000
   8      3.40000      0.00000      0.00000
   9      3.80000      0.00000      0.00000
  10      4.20000      0.00000      0.00000
  11      4.60000      0.00000      0.00000
  12      5.00000      0.00000      0.00000
  13      5.40000      0.00000      0.00000
  14      5.80000      0.00000      0.00000
  15      6.20000     54.00000      7.34847
  16      6.60000    640.00000     25.29822
  17      7.00000   1271.00000     35.65109
  18      7.40000   1712.00000     41.37632
  19      7.80000   1973.00000     44.41846
  20      8.20000   2133.00000     46.18441
  21      8.60000   2238.00000     47.30751
  22      9.00000   2409.00000     49.08157
  23      9.40000   2322.00000     48.18713
  24      9.80000   2515.00000     50.14978
  25     10.20000   2346.00000     48.43552
  26     10.60000   2319.00000     48.15600
  27     11.00000   2266.00000     47.60252
  28     11.40000   2040.00000     45.16636
  29     11.80000   2029.00000     45.04442
  30     12.20000   1922.00000     43.84062
  31     12.60000   1891.00000     43.48563
  32     13.00000   1777.00000     42.15448
  33     13.40000   1690.00000     41.10961
  34     13.80000   1680.00000     40.98780
  35     14.20000   1601.00000     40.01250
  36     14.60000   1626.00000     40.32369
  37     15.00000   1570.00000     39.62323
  38     15.40000   1576.00000     39.69887
  39     15.80000   1603.00000     40.03748
  40     16.20000   1595.00000     39.93745
  41     16.60000   1673.00000     40.90232
  42     17.00000   1656.00000     40.69398
  43     17.40000   1656.00000     40.69398
  44     17.80000   1700.00000     41.23106
  45     18.20000   1636.00000     40.44750
  46     18.60000   1767.00000     42.03570
  47     19.00000   1644.00000     40.54627
  48     19.40000   1668.00000     40.84116
  49     19.80000   1580.00000     39.74921
  50     20.20000   1670.00000     40.86563
  51     20.60000   1580.00000     39.74921
  52     21.00000   1548.00000     39.34463
  53     21.40000   1532.00000     39.14077
  54     21.80000   1623.00000     40.28647
  55     22.20000   1582.00000     39.77436
  56     22.60000   1505.00000     38.79433
  57     23.00000   1521.00000     39.00000
  58     23.40000   1496.00000     38.67816
  59     23.80000   1395.00000     37.34970
  60     24.20000   1481.00000     38.48376
  61     24.60000   1415.00000     37.61649
  62     25.00000   1372.00000     37.04052
  63     25.40000   1306.00000     36.13862
  64     25.80000   1223.00000     34.97142
  65     26.20000   1232.00000     35.09986
  66     26.60000   1260.00000     35.49648
  67     27.00000   1233.00000     35.11410
  68     27.40000   1181.00000     34.36568
  69     27.80000   1126.00000     33.55592
  70     28.20000   1192.00000     34.52535
  71     28.60000   1172.00000     34.23449
  72     29.00000   1080.00000     32.86335
  73     29.40000   1116.00000     33.40659
  74     29.80000   1072.00000     32.74141
  75     30.20000   1094.00000     33.07567
  76     30.60000   1086.00000     32.95451
  77     31.00000   1048.00000     32.37283
  78     31.40000   1026.00000     32.03123
  79     31.80000    997.00000     31.57531
  80     32.20000    952.00000     30.85450
  81     32.60000    901.00000     30.01666
  82     33.00000    888.00000     29.79933
  83     33.40000    930.00000     30.49590
  84     33.80000    902.00000     30.03332
  85     34.20000    884.00000     29.73214
  86     34.60000    859.00000     29.30870
  87     35.00000    788.00000     28.07134
  88     35.40000    780.00000     27.92848
  89     35.80000    803.00000     28.33726
  90     36.20000    654.00000     25.57342
  91     36.60000    612.00000     24.73863
  92     37.00000    555.00000     23.55844
  93     37.40000    499.00000     22.33831
  94     37.80000    436.00000     20.88061
  95     38.20000    410.00000     20.24846
  96     38.60000    350.00000     18.70829
  97     39.00000    280.00000     16.73320
  98     39.40000    234.00000     15.29706
  99     39.80000    237.00000     15.39480
