#---------- /aipos_summary/theta_aipos : 100,0.00000,40.00000
   0      0.20000      0.00000      0.00000
   1      0.60000      0.00000      0.00000
   2      1.00000      0.00000      0.00000
   3      1.40000      0.00000      0.00000
   4      1.80000      0.00000      0.00000
   5      2.20000      1.00000      1.00000
   6      2.60000      2.00000      1.41421
   7      3.00000      5.00000      2.23607
   8      3.40000      3.00000      1.73205
   9      3.80000      9.00000      3.00000
  10      4.20000     17.00000      4.12311
  11      4.60000     32.00000      5.65685
  12      5.00000     85.00000      9.21954
  13      5.40000   1123.00000     33.51119
  14      5.80000   2836.00000     53.25411
  15      6.20000   3914.00000     62.56197
  16      6.60000   4799.00000     69.27482
  17      7.00000   5112.00000     71.49825
  18      7.40000   5128.00000     71.61005
  19      7.80000   5485.00000     74.06078
  20      8.20000   5557.00000     74.54529
  21      8.60000   5940.00000     77.07140
  22      9.00000   5744.00000     75.78918
  23      9.40000   5942.00000     77.08437
  24      9.80000   6014.00000     77.54998
  25     10.20000   6240.00000     78.99367
  26     10.60000   6435.00000     80.21845
  27     11.00000   6346.00000     79.66178
  28     11.40000   6397.00000     79.98125
  29     11.80000   6257.00000     79.10120
  30     12.20000   6404.00000     80.02499
  31     12.60000   6389.00000     79.93122
  32     13.00000   6268.00000     79.17070
  33     13.40000   6104.00000     78.12810
  34     13.80000   6144.00000     78.38367
  35     14.20000   6179.00000     78.60661
  36     14.60000   6127.00000     78.27515
  37     15.00000   6211.00000     78.80990
  38     15.40000   5952.00000     77.14921
  39     15.80000   5906.00000     76.85050
  40     16.20000   5603.00000     74.85319
  41     16.60000   5728.00000     75.68355
  42     17.00000   5664.00000     75.25955
  43     17.40000   5567.00000     74.61234
  44     17.80000   5292.00000     72.74613
  45     18.20000   5347.00000     73.12318
  46     18.60000   5309.00000     72.86288
  47     19.00000   5317.00000     72.91776
  48     19.40000   5124.00000     71.58212
  49     19.80000   5043.00000     71.01408
  50     20.20000   4910.00000     70.07140
  51     20.60000   4917.00000     70.12132
  52     21.00000   4686.00000     68.45436
  53     21.40000   4619.00000     67.96323
  54     21.80000   4609.00000     67.88962
  55     22.20000   4314.00000     65.68105
  56     22.60000   4176.00000     64.62198
  57     23.00000   3990.00000     63.16645
  58     23.40000   3887.00000     62.34581
  59     23.80000   3596.00000     59.96666
  60     24.20000   3558.00000     59.64897
  61     24.60000   3360.00000     57.96551
  62     25.00000   3096.00000     55.64171
  63     25.40000   2929.00000     54.12024
  64     25.80000   2740.00000     52.34501
  65     26.20000   2595.00000     50.94114
  66     26.60000   2351.00000     48.48711
  67     27.00000   2143.00000     46.29255
  68     27.40000   1858.00000     43.10452
  69     27.80000   1792.00000     42.33202
  70     28.20000   1589.00000     39.86226
  71     28.60000   1399.00000     37.40321
  72     29.00000   1382.00000     37.17526
  73     29.40000   1246.00000     35.29873
  74     29.80000   1134.00000     33.67492
  75     30.20000   1040.00000     32.24903
  76     30.60000   1036.00000     32.18695
  77     31.00000   1054.00000     32.46537
  78     31.40000   1006.00000     31.71750
  79     31.80000    846.00000     29.08608
  80     32.20000    877.00000     29.61419
  81     32.60000    828.00000     28.77499
  82     33.00000    788.00000     28.07134
  83     33.40000    738.00000     27.16615
  84     33.80000    730.00000     27.01851
  85     34.20000    682.00000     26.11513
  86     34.60000    634.00000     25.17936
  87     35.00000    653.00000     25.55387
  88     35.40000    636.00000     25.21904
  89     35.80000    604.00000     24.57641
  90     36.20000    474.00000     21.77154
  91     36.60000    458.00000     21.40093
  92     37.00000    404.00000     20.09975
  93     37.40000    322.00000     17.94436
  94     37.80000    305.00000     17.46425
  95     38.20000    265.00000     16.27882
  96     38.60000    222.00000     14.89966
  97     39.00000    212.00000     14.56022
  98     39.40000    157.00000     12.52996
  99     39.80000    133.00000     11.53256
