#---------- /trpos_6SL/theta6SL_trpos : 100,0.00000,40.00000
   0      0.20000      0.00000      0.00000
   1      0.60000      0.00000      0.00000
   2      1.00000      0.00000      0.00000
   3      1.40000      0.00000      0.00000
   4      1.80000      1.00000      1.00000
   5      2.20000      1.00000      1.00000
   6      2.60000      4.00000      2.00000
   7      3.00000      3.00000      1.73205
   8      3.40000      3.00000      1.73205
   9      3.80000      8.00000      2.82843
  10      4.20000     15.00000      3.87298
  11      4.60000     24.00000      4.89898
  12      5.00000     72.00000      8.48528
  13      5.40000    971.00000     31.16087
  14      5.80000   2524.00000     50.23943
  15      6.20000   3481.00000     59.00000
  16      6.60000   4147.00000     64.39720
  17      7.00000   4396.00000     66.30234
  18      7.40000   4304.00000     65.60488
  19      7.80000   4674.00000     68.36666
  20      8.20000   4672.00000     68.35203
  21      8.60000   4916.00000     70.11419
  22      9.00000   4759.00000     68.98550
  23      9.40000   4882.00000     69.87131
  24      9.80000   4936.00000     70.25668
  25     10.20000   5116.00000     71.52622
  26     10.60000   5272.00000     72.60854
  27     11.00000   5147.00000     71.74259
  28     11.40000   5206.00000     72.15262
  29     11.80000   5076.00000     71.24606
  30     12.20000   5156.00000     71.80529
  31     12.60000   5071.00000     71.21095
  32     13.00000   5043.00000     71.01408
  33     13.40000   4896.00000     69.97142
  34     13.80000   4919.00000     70.13558
  35     14.20000   4984.00000     70.59745
  36     14.60000   4872.00000     69.79971
  37     15.00000   4960.00000     70.42727
  38     15.40000   4687.00000     68.46167
  39     15.80000   4724.00000     68.73136
  40     16.20000   4472.00000     66.87302
  41     16.60000   4558.00000     67.51296
  42     17.00000   4524.00000     67.26069
  43     17.40000   4479.00000     66.92533
  44     17.80000   4276.00000     65.39113
  45     18.20000   4228.00000     65.02307
  46     18.60000   4202.00000     64.82284
  47     19.00000   4292.00000     65.51336
  48     19.40000   4043.00000     63.58459
  49     19.80000   4027.00000     63.45865
  50     20.20000   3874.00000     62.24147
  51     20.60000   3862.00000     62.14499
  52     21.00000   3753.00000     61.26173
  53     21.40000   3643.00000     60.35727
  54     21.80000   3661.00000     60.50620
  55     22.20000   3391.00000     58.23229
  56     22.60000   3307.00000     57.50652
  57     23.00000   3193.00000     56.50664
  58     23.40000   3152.00000     56.14267
  59     23.80000   2889.00000     53.74942
  60     24.20000   2790.00000     52.82045
  61     24.60000   2692.00000     51.88449
  62     25.00000   2503.00000     50.02999
  63     25.40000   2346.00000     48.43552
  64     25.80000   2191.00000     46.80812
  65     26.20000   2056.00000     45.34314
  66     26.60000   1901.00000     43.60046
  67     27.00000   1710.00000     41.35215
  68     27.40000   1490.00000     38.60052
  69     27.80000   1448.00000     38.05260
  70     28.20000   1306.00000     36.13862
  71     28.60000   1110.00000     33.31666
  72     29.00000   1086.00000     32.95451
  73     29.40000   1011.00000     31.79623
  74     29.80000    941.00000     30.67572
  75     30.20000    809.00000     28.44292
  76     30.60000    844.00000     29.05168
  77     31.00000    837.00000     28.93095
  78     31.40000    793.00000     28.16026
  79     31.80000    660.00000     25.69047
  80     32.20000    685.00000     26.17250
  81     32.60000    615.00000     24.79919
  82     33.00000    601.00000     24.51530
  83     33.40000    584.00000     24.16609
  84     33.80000    565.00000     23.76973
  85     34.20000    529.00000     23.00000
  86     34.60000    492.00000     22.18107
  87     35.00000    497.00000     22.29350
  88     35.40000    498.00000     22.31591
  89     35.80000    474.00000     21.77154
  90     36.20000    393.00000     19.82423
  91     36.60000    382.00000     19.54482
  92     37.00000    307.00000     17.52142
  93     37.40000    259.00000     16.09348
  94     37.80000    221.00000     14.86607
  95     38.20000    215.00000     14.66288
  96     38.60000    159.00000     12.60952
  97     39.00000    169.00000     13.00000
  98     39.40000    122.00000     11.04536
  99     39.80000     99.00000      9.94987
