#---------- /trneg_5SL/theta5SL_trneg : 100,0.00000,40.00000
   0      0.20000      0.00000      0.00000
   1      0.60000      0.00000      0.00000
   2      1.00000      0.00000      0.00000
   3      1.40000      0.00000      0.00000
   4      1.80000      0.00000      0.00000
   5      2.20000      0.00000      0.00000
   6      2.60000      0.00000      0.00000
   7      3.00000      0.00000      0.00000
   8      3.40000      0.00000      0.00000
   9      3.80000      0.00000      0.00000
  10      4.20000      0.00000      0.00000
  11      4.60000      0.00000      0.00000
  12      5.00000      1.00000      1.00000
  13      5.40000      0.00000      0.00000
  14      5.80000      0.00000      0.00000
  15      6.20000    171.00000     13.07670
  16      6.60000    254.00000     15.93738
  17      7.00000    204.00000     14.28286
  18      7.40000    274.00000     16.55295
  19      7.80000    265.00000     16.27882
  20      8.20000    332.00000     18.22087
  21      8.60000    301.00000     17.34935
  22      9.00000    298.00000     17.26268
  23      9.40000    330.00000     18.16590
  24      9.80000    280.00000     16.73320
  25     10.20000    315.00000     17.74824
  26     10.60000    293.00000     17.11724
  27     11.00000    293.00000     17.11724
  28     11.40000    264.00000     16.24808
  29     11.80000    243.00000     15.58846
  30     12.20000    233.00000     15.26434
  31     12.60000    187.00000     13.67479
  32     13.00000    198.00000     14.07125
  33     13.40000    217.00000     14.73092
  34     13.80000    218.00000     14.76482
  35     14.20000    201.00000     14.17745
  36     14.60000    189.00000     13.74773
  37     15.00000    175.00000     13.22876
  38     15.40000    181.00000     13.45362
  39     15.80000    161.00000     12.68858
  40     16.20000    157.00000     12.52996
  41     16.60000    177.00000     13.30413
  42     17.00000    184.00000     13.56466
  43     17.40000    186.00000     13.63818
  44     17.80000    170.00000     13.03840
  45     18.20000    175.00000     13.22876
  46     18.60000    178.00000     13.34166
  47     19.00000    166.00000     12.88410
  48     19.40000    170.00000     13.03840
  49     19.80000    147.00000     12.12436
  50     20.20000    177.00000     13.30413
  51     20.60000    182.00000     13.49074
  52     21.00000    179.00000     13.37909
  53     21.40000    152.00000     12.32883
  54     21.80000    175.00000     13.22876
  55     22.20000    169.00000     13.00000
  56     22.60000    177.00000     13.30413
  57     23.00000    143.00000     11.95826
  58     23.40000    162.00000     12.72792
  59     23.80000    154.00000     12.40967
  60     24.20000    153.00000     12.36932
  61     24.60000    150.00000     12.24745
  62     25.00000    151.00000     12.28821
  63     25.40000    139.00000     11.78983
  64     25.80000    124.00000     11.13553
  65     26.20000    120.00000     10.95445
  66     26.60000    121.00000     11.00000
  67     27.00000    120.00000     10.95445
  68     27.40000    118.00000     10.86278
  69     27.80000    122.00000     11.04536
  70     28.20000    109.00000     10.44031
  71     28.60000     95.00000      9.74679
  72     29.00000    105.00000     10.24695
  73     29.40000    113.00000     10.63015
  74     29.80000     88.00000      9.38083
  75     30.20000    100.00000     10.00000
  76     30.60000     99.00000      9.94987
  77     31.00000     86.00000      9.27362
  78     31.40000    117.00000     10.81665
  79     31.80000     96.00000      9.79796
  80     32.20000     95.00000      9.74679
  81     32.60000     94.00000      9.69536
  82     33.00000     87.00000      9.32738
  83     33.40000     77.00000      8.77496
  84     33.80000     84.00000      9.16515
  85     34.20000     66.00000      8.12404
  86     34.60000     86.00000      9.27362
  87     35.00000     71.00000      8.42615
  88     35.40000     79.00000      8.88819
  89     35.80000     69.00000      8.30662
  90     36.20000     70.00000      8.36660
  91     36.60000     56.00000      7.48331
  92     37.00000     53.00000      7.28011
  93     37.40000     51.00000      7.14143
  94     37.80000     42.00000      6.48074
  95     38.20000     45.00000      6.70820
  96     38.60000     22.00000      4.69042
  97     39.00000     30.00000      5.47723
  98     39.40000     22.00000      4.69042
  99     39.80000     18.00000      4.24264
