#---------- /aineg_5SL/vz5SL_aineg : 180,-50.00000,40.00000
   0    -49.75000     14.00000      3.74166
   1    -49.25000     19.00000      4.35890
   2    -48.75000     17.00000      4.12311
   3    -48.25000     18.00000      4.24264
   4    -47.75000     18.00000      4.24264
   5    -47.25000     15.00000      3.87298
   6    -46.75000     14.00000      3.74166
   7    -46.25000     10.00000      3.16228
   8    -45.75000     17.00000      4.12311
   9    -45.25000     15.00000      3.87298
  10    -44.75000     19.00000      4.35890
  11    -44.25000     23.00000      4.79583
  12    -43.75000     21.00000      4.58258
  13    -43.25000     15.00000      3.87298
  14    -42.75000     24.00000      4.89898
  15    -42.25000     20.00000      4.47214
  16    -41.75000     23.00000      4.79583
  17    -41.25000     21.00000      4.58258
  18    -40.75000     21.00000      4.58258
  19    -40.25000     26.00000      5.09902
  20    -39.75000     17.00000      4.12311
  21    -39.25000     43.00000      6.55744
  22    -38.75000     18.00000      4.24264
  23    -38.25000     25.00000      5.00000
  24    -37.75000     30.00000      5.47723
  25    -37.25000     29.00000      5.38516
  26    -36.75000     39.00000      6.24500
  27    -36.25000     47.00000      6.85565
  28    -35.75000     31.00000      5.56776
  29    -35.25000     35.00000      5.91608
  30    -34.75000     31.00000      5.56776
  31    -34.25000     46.00000      6.78233
  32    -33.75000     31.00000      5.56776
  33    -33.25000     29.00000      5.38516
  34    -32.75000     31.00000      5.56776
  35    -32.25000     32.00000      5.65685
  36    -31.75000     48.00000      6.92820
  37    -31.25000     50.00000      7.07107
  38    -30.75000     42.00000      6.48074
  39    -30.25000     49.00000      7.00000
  40    -29.75000     53.00000      7.28011
  41    -29.25000     66.00000      8.12404
  42    -28.75000     51.00000      7.14143
  43    -28.25000     46.00000      6.78233
  44    -27.75000     65.00000      8.06226
  45    -27.25000     43.00000      6.55744
  46    -26.75000     41.00000      6.40312
  47    -26.25000     63.00000      7.93725
  48    -25.75000     56.00000      7.48331
  49    -25.25000     53.00000      7.28011
  50    -24.75000     68.00000      8.24621
  51    -24.25000     64.00000      8.00000
  52    -23.75000     61.00000      7.81025
  53    -23.25000     77.00000      8.77496
  54    -22.75000     94.00000      9.69536
  55    -22.25000     87.00000      9.32738
  56    -21.75000     93.00000      9.64365
  57    -21.25000     84.00000      9.16515
  58    -20.75000     88.00000      9.38083
  59    -20.25000     92.00000      9.59166
  60    -19.75000    108.00000     10.39230
  61    -19.25000    130.00000     11.40175
  62    -18.75000    104.00000     10.19804
  63    -18.25000    103.00000     10.14889
  64    -17.75000    143.00000     11.95826
  65    -17.25000    126.00000     11.22497
  66    -16.75000    127.00000     11.26943
  67    -16.25000    131.00000     11.44552
  68    -15.75000    140.00000     11.83216
  69    -15.25000    151.00000     12.28821
  70    -14.75000    164.00000     12.80625
  71    -14.25000    157.00000     12.52996
  72    -13.75000    170.00000     13.03840
  73    -13.25000    158.00000     12.56981
  74    -12.75000    207.00000     14.38750
  75    -12.25000    213.00000     14.59452
  76    -11.75000    229.00000     15.13275
  77    -11.25000    267.00000     16.34014
  78    -10.75000    279.00000     16.70329
  79    -10.25000    287.00000     16.94107
  80     -9.75000    317.00000     17.80449
  81     -9.25000    364.00000     19.07878
  82     -8.75000    419.00000     20.46949
  83     -8.25000    479.00000     21.88607
  84     -7.75000    656.00000     25.61250
  85     -7.25000    797.00000     28.23119
  86     -6.75000   1112.00000     33.34666
  87     -6.25000   1696.00000     41.18252
  88     -5.75000   2227.00000     47.19110
  89     -5.25000   3086.00000     55.55178
  90     -4.75000   3456.00000     58.78775
  91     -4.25000   3936.00000     62.73755
  92     -3.75000   4142.00000     64.35837
  93     -3.25000   4136.00000     64.31174
  94     -2.75000   4319.00000     65.71910
  95     -2.25000   4254.00000     65.22269
  96     -1.75000   4090.00000     63.95311
  97     -1.25000   3776.00000     61.44917
  98     -0.75000   3085.00000     55.54278
  99     -0.25000   2300.00000     47.95832
 100      0.25000   1679.00000     40.97560
 101      0.75000   1262.00000     35.52464
 102      1.25000    989.00000     31.44837
 103      1.75000    882.00000     29.69848
 104      2.25000    743.00000     27.25803
 105      2.75000    668.00000     25.84570
 106      3.25000    582.00000     24.12468
 107      3.75000    504.00000     22.44994
 108      4.25000    475.00000     21.79449
 109      4.75000    429.00000     20.71231
 110      5.25000    419.00000     20.46949
 111      5.75000    379.00000     19.46792
 112      6.25000    351.00000     18.73499
 113      6.75000    345.00000     18.57417
 114      7.25000    331.00000     18.19341
 115      7.75000    268.00000     16.37070
 116      8.25000    267.00000     16.34014
 117      8.75000    255.00000     15.96872
 118      9.25000    253.00000     15.90597
 119      9.75000    246.00000     15.68439
 120     10.25000    220.00000     14.83240
 121     10.75000    220.00000     14.83240
 122     11.25000    192.00000     13.85641
 123     11.75000    202.00000     14.21267
 124     12.25000    187.00000     13.67479
 125     12.75000    193.00000     13.89244
 126     13.25000    197.00000     14.03567
 127     13.75000    158.00000     12.56981
 128     14.25000    161.00000     12.68858
 129     14.75000    158.00000     12.56981
 130     15.25000    126.00000     11.22497
 131     15.75000    146.00000     12.08305
 132     16.25000    154.00000     12.40967
 133     16.75000    151.00000     12.28821
 134     17.25000    140.00000     11.83216
 135     17.75000    125.00000     11.18034
 136     18.25000    136.00000     11.66190
 137     18.75000    145.00000     12.04159
 138     19.25000    114.00000     10.67708
 139     19.75000    120.00000     10.95445
 140     20.25000    106.00000     10.29563
 141     20.75000    135.00000     11.61895
 142     21.25000    128.00000     11.31371
 143     21.75000    154.00000     12.40967
 144     22.25000    150.00000     12.24745
 145     22.75000    151.00000     12.28821
 146     23.25000    177.00000     13.30413
 147     23.75000    235.00000     15.32971
 148     24.25000    336.00000     18.33030
 149     24.75000    508.00000     22.53885
 150     25.25000    692.00000     26.30589
 151     25.75000    596.00000     24.41311
 152     26.25000    404.00000     20.09975
 153     26.75000    340.00000     18.43909
 154     27.25000    298.00000     17.26268
 155     27.75000    290.00000     17.02939
 156     28.25000    239.00000     15.45963
 157     28.75000    224.00000     14.96663
 158     29.25000    249.00000     15.77973
 159     29.75000    239.00000     15.45963
 160     30.25000    199.00000     14.10674
 161     30.75000    217.00000     14.73092
 162     31.25000    205.00000     14.31782
 163     31.75000    187.00000     13.67479
 164     32.25000    240.00000     15.49193
 165     32.75000    232.00000     15.23155
 166     33.25000    210.00000     14.49138
 167     33.75000    205.00000     14.31782
 168     34.25000    212.00000     14.56022
 169     34.75000    220.00000     14.83240
 170     35.25000    227.00000     15.06652
 171     35.75000    201.00000     14.17745
 172     36.25000    203.00000     14.24781
 173     36.75000    223.00000     14.93318
 174     37.25000    193.00000     13.89244
 175     37.75000    226.00000     15.03330
 176     38.25000    207.00000     14.38750
 177     38.75000    198.00000     14.07125
 178     39.25000    216.00000     14.69694
 179     39.75000    188.00000     13.71131
