#---------- /trneg_5SL/vz5SL_trneg : 180,-50.00000,40.00000
   0    -49.75000     13.00000      3.60555
   1    -49.25000      4.00000      2.00000
   2    -48.75000      5.00000      2.23607
   3    -48.25000      5.00000      2.23607
   4    -47.75000      9.00000      3.00000
   5    -47.25000      8.00000      2.82843
   6    -46.75000      8.00000      2.82843
   7    -46.25000      7.00000      2.64575
   8    -45.75000      5.00000      2.23607
   9    -45.25000      3.00000      1.73205
  10    -44.75000      5.00000      2.23607
  11    -44.25000      4.00000      2.00000
  12    -43.75000     10.00000      3.16228
  13    -43.25000      5.00000      2.23607
  14    -42.75000     11.00000      3.31662
  15    -42.25000      8.00000      2.82843
  16    -41.75000     11.00000      3.31662
  17    -41.25000      9.00000      3.00000
  18    -40.75000     12.00000      3.46410
  19    -40.25000      7.00000      2.64575
  20    -39.75000      3.00000      1.73205
  21    -39.25000     10.00000      3.16228
  22    -38.75000     11.00000      3.31662
  23    -38.25000     12.00000      3.46410
  24    -37.75000      7.00000      2.64575
  25    -37.25000      9.00000      3.00000
  26    -36.75000     12.00000      3.46410
  27    -36.25000      9.00000      3.00000
  28    -35.75000      9.00000      3.00000
  29    -35.25000     11.00000      3.31662
  30    -34.75000      8.00000      2.82843
  31    -34.25000     11.00000      3.31662
  32    -33.75000     13.00000      3.60555
  33    -33.25000      8.00000      2.82843
  34    -32.75000     12.00000      3.46410
  35    -32.25000     10.00000      3.16228
  36    -31.75000     13.00000      3.60555
  37    -31.25000     17.00000      4.12311
  38    -30.75000     11.00000      3.31662
  39    -30.25000     18.00000      4.24264
  40    -29.75000     16.00000      4.00000
  41    -29.25000     13.00000      3.60555
  42    -28.75000     11.00000      3.31662
  43    -28.25000     14.00000      3.74166
  44    -27.75000     13.00000      3.60555
  45    -27.25000      9.00000      3.00000
  46    -26.75000     10.00000      3.16228
  47    -26.25000      9.00000      3.00000
  48    -25.75000     17.00000      4.12311
  49    -25.25000      9.00000      3.00000
  50    -24.75000     21.00000      4.58258
  51    -24.25000     13.00000      3.60555
  52    -23.75000      8.00000      2.82843
  53    -23.25000     12.00000      3.46410
  54    -22.75000     17.00000      4.12311
  55    -22.25000     17.00000      4.12311
  56    -21.75000     21.00000      4.58258
  57    -21.25000      9.00000      3.00000
  58    -20.75000     17.00000      4.12311
  59    -20.25000     24.00000      4.89898
  60    -19.75000     18.00000      4.24264
  61    -19.25000     25.00000      5.00000
  62    -18.75000     22.00000      4.69042
  63    -18.25000     27.00000      5.19615
  64    -17.75000     26.00000      5.09902
  65    -17.25000     30.00000      5.47723
  66    -16.75000     30.00000      5.47723
  67    -16.25000     39.00000      6.24500
  68    -15.75000     31.00000      5.56776
  69    -15.25000     30.00000      5.47723
  70    -14.75000     33.00000      5.74456
  71    -14.25000     35.00000      5.91608
  72    -13.75000     41.00000      6.40312
  73    -13.25000     40.00000      6.32456
  74    -12.75000     41.00000      6.40312
  75    -12.25000     52.00000      7.21110
  76    -11.75000     54.00000      7.34847
  77    -11.25000     60.00000      7.74597
  78    -10.75000     85.00000      9.21954
  79    -10.25000     92.00000      9.59166
  80     -9.75000     93.00000      9.64365
  81     -9.25000     96.00000      9.79796
  82     -8.75000    136.00000     11.66190
  83     -8.25000    183.00000     13.52775
  84     -7.75000    229.00000     15.13275
  85     -7.25000    322.00000     17.94436
  86     -6.75000    524.00000     22.89105
  87     -6.25000    771.00000     27.76689
  88     -5.75000   1094.00000     33.07567
  89     -5.25000   1533.00000     39.15355
  90     -4.75000   1768.00000     42.04759
  91     -4.25000   2030.00000     45.05552
  92     -3.75000   2113.00000     45.96738
  93     -3.25000   2074.00000     45.54119
  94     -2.75000   2149.00000     46.35731
  95     -2.25000   2214.00000     47.05316
  96     -1.75000   2144.00000     46.30335
  97     -1.25000   1922.00000     43.84062
  98     -0.75000   1532.00000     39.14077
  99     -0.25000   1065.00000     32.63434
 100      0.25000    757.00000     27.51363
 101      0.75000    579.00000     24.06242
 102      1.25000    425.00000     20.61553
 103      1.75000    367.00000     19.15724
 104      2.25000    277.00000     16.64332
 105      2.75000    294.00000     17.14643
 106      3.25000    217.00000     14.73092
 107      3.75000    181.00000     13.45362
 108      4.25000    160.00000     12.64911
 109      4.75000    152.00000     12.32883
 110      5.25000    118.00000     10.86278
 111      5.75000    152.00000     12.32883
 112      6.25000    100.00000     10.00000
 113      6.75000    101.00000     10.04988
 114      7.25000    100.00000     10.00000
 115      7.75000     78.00000      8.83176
 116      8.25000     87.00000      9.32738
 117      8.75000     82.00000      9.05539
 118      9.25000     86.00000      9.27362
 119      9.75000     72.00000      8.48528
 120     10.25000     66.00000      8.12404
 121     10.75000     55.00000      7.41620
 122     11.25000     61.00000      7.81025
 123     11.75000     56.00000      7.48331
 124     12.25000     56.00000      7.48331
 125     12.75000     69.00000      8.30662
 126     13.25000     66.00000      8.12404
 127     13.75000     45.00000      6.70820
 128     14.25000     45.00000      6.70820
 129     14.75000     46.00000      6.78233
 130     15.25000     52.00000      7.21110
 131     15.75000     56.00000      7.48331
 132     16.25000     48.00000      6.92820
 133     16.75000     43.00000      6.55744
 134     17.25000     40.00000      6.32456
 135     17.75000     34.00000      5.83095
 136     18.25000     43.00000      6.55744
 137     18.75000     38.00000      6.16441
 138     19.25000     31.00000      5.56776
 139     19.75000     57.00000      7.54983
 140     20.25000     40.00000      6.32456
 141     20.75000     39.00000      6.24500
 142     21.25000     41.00000      6.40312
 143     21.75000     46.00000      6.78233
 144     22.25000     57.00000      7.54983
 145     22.75000     52.00000      7.21110
 146     23.25000     76.00000      8.71780
 147     23.75000     86.00000      9.27362
 148     24.25000    141.00000     11.87434
 149     24.75000    201.00000     14.17745
 150     25.25000    285.00000     16.88194
 151     25.75000    264.00000     16.24808
 152     26.25000    162.00000     12.72792
 153     26.75000    138.00000     11.74734
 154     27.25000    113.00000     10.63015
 155     27.75000     98.00000      9.89950
 156     28.25000     87.00000      9.32738
 157     28.75000     78.00000      8.83176
 158     29.25000     99.00000      9.94987
 159     29.75000     75.00000      8.66025
 160     30.25000     66.00000      8.12404
 161     30.75000     96.00000      9.79796
 162     31.25000     65.00000      8.06226
 163     31.75000     76.00000      8.71780
 164     32.25000     75.00000      8.66025
 165     32.75000     84.00000      9.16515
 166     33.25000     84.00000      9.16515
 167     33.75000     75.00000      8.66025
 168     34.25000     65.00000      8.06226
 169     34.75000     71.00000      8.42615
 170     35.25000     83.00000      9.11043
 171     35.75000     74.00000      8.60233
 172     36.25000     75.00000      8.66025
 173     36.75000     64.00000      8.00000
 174     37.25000     64.00000      8.00000
 175     37.75000     59.00000      7.68115
 176     38.25000     64.00000      8.00000
 177     38.75000     80.00000      8.94427
 178     39.25000     75.00000      8.66025
 179     39.75000     71.00000      8.42615
