#---------- /aipos_5SL/vz5SL_aipos : 180,-50.00000,40.00000
   0    -49.75000     82.00000      9.05539
   1    -49.25000     75.00000      8.66025
   2    -48.75000     75.00000      8.66025
   3    -48.25000    108.00000     10.39230
   4    -47.75000     98.00000      9.89950
   5    -47.25000     97.00000      9.84886
   6    -46.75000     81.00000      9.00000
   7    -46.25000     89.00000      9.43398
   8    -45.75000     82.00000      9.05539
   9    -45.25000    107.00000     10.34408
  10    -44.75000     98.00000      9.89950
  11    -44.25000    108.00000     10.39230
  12    -43.75000    108.00000     10.39230
  13    -43.25000    107.00000     10.34408
  14    -42.75000    109.00000     10.44031
  15    -42.25000    107.00000     10.34408
  16    -41.75000    102.00000     10.09950
  17    -41.25000    106.00000     10.29563
  18    -40.75000    128.00000     11.31371
  19    -40.25000    125.00000     11.18034
  20    -39.75000    113.00000     10.63015
  21    -39.25000    109.00000     10.44031
  22    -38.75000    131.00000     11.44552
  23    -38.25000    130.00000     11.40175
  24    -37.75000    122.00000     11.04536
  25    -37.25000    128.00000     11.31371
  26    -36.75000    141.00000     11.87434
  27    -36.25000    148.00000     12.16553
  28    -35.75000    159.00000     12.60952
  29    -35.25000    163.00000     12.76715
  30    -34.75000    133.00000     11.53256
  31    -34.25000    136.00000     11.66190
  32    -33.75000    134.00000     11.57584
  33    -33.25000    156.00000     12.49000
  34    -32.75000    200.00000     14.14214
  35    -32.25000    161.00000     12.68858
  36    -31.75000    161.00000     12.68858
  37    -31.25000    174.00000     13.19091
  38    -30.75000    164.00000     12.80625
  39    -30.25000    195.00000     13.96424
  40    -29.75000    179.00000     13.37909
  41    -29.25000    217.00000     14.73092
  42    -28.75000    195.00000     13.96424
  43    -28.25000    203.00000     14.24781
  44    -27.75000    217.00000     14.73092
  45    -27.25000    226.00000     15.03330
  46    -26.75000    226.00000     15.03330
  47    -26.25000    222.00000     14.89966
  48    -25.75000    207.00000     14.38750
  49    -25.25000    233.00000     15.26434
  50    -24.75000    280.00000     16.73320
  51    -24.25000    262.00000     16.18641
  52    -23.75000    282.00000     16.79286
  53    -23.25000    294.00000     17.14643
  54    -22.75000    326.00000     18.05547
  55    -22.25000    277.00000     16.64332
  56    -21.75000    300.00000     17.32051
  57    -21.25000    355.00000     18.84144
  58    -20.75000    353.00000     18.78829
  59    -20.25000    348.00000     18.65476
  60    -19.75000    358.00000     18.92089
  61    -19.25000    372.00000     19.28730
  62    -18.75000    416.00000     20.39608
  63    -18.25000    395.00000     19.87461
  64    -17.75000    434.00000     20.83267
  65    -17.25000    444.00000     21.07131
  66    -16.75000    479.00000     21.88607
  67    -16.25000    546.00000     23.36664
  68    -15.75000    501.00000     22.38303
  69    -15.25000    528.00000     22.97825
  70    -14.75000    585.00000     24.18677
  71    -14.25000    686.00000     26.19160
  72    -13.75000    739.00000     27.18456
  73    -13.25000    750.00000     27.38613
  74    -12.75000    818.00000     28.60070
  75    -12.25000    905.00000     30.08322
  76    -11.75000   1012.00000     31.81195
  77    -11.25000   1101.00000     33.18132
  78    -10.75000   1234.00000     35.12834
  79    -10.25000   1368.00000     36.98648
  80     -9.75000   1627.00000     40.33609
  81     -9.25000   1798.00000     42.40283
  82     -8.75000   2086.00000     45.67275
  83     -8.25000   2457.00000     49.56813
  84     -7.75000   3018.00000     54.93633
  85     -7.25000   3785.00000     61.52235
  86     -6.75000   4791.00000     69.21705
  87     -6.25000   5993.00000     77.41447
  88     -5.75000   7053.00000     83.98214
  89     -5.25000   7991.00000     89.39240
  90     -4.75000   8555.00000     92.49324
  91     -4.25000   8874.00000     94.20191
  92     -3.75000   9056.00000     95.16302
  93     -3.25000   8912.00000     94.40339
  94     -2.75000   8598.00000     92.72540
  95     -2.25000   8177.00000     90.42677
  96     -1.75000   7423.00000     86.15684
  97     -1.25000   6197.00000     78.72102
  98     -0.75000   4793.00000     69.23150
  99     -0.25000   3599.00000     59.99166
 100      0.25000   2816.00000     53.06600
 101      0.75000   2297.00000     47.92703
 102      1.25000   1924.00000     43.86343
 103      1.75000   1641.00000     40.50926
 104      2.25000   1440.00000     37.94733
 105      2.75000   1275.00000     35.70714
 106      3.25000   1166.00000     34.14674
 107      3.75000   1065.00000     32.63434
 108      4.25000    930.00000     30.49590
 109      4.75000    816.00000     28.56571
 110      5.25000    806.00000     28.39014
 111      5.75000    702.00000     26.49528
 112      6.25000    679.00000     26.05763
 113      6.75000    664.00000     25.76820
 114      7.25000    580.00000     24.08319
 115      7.75000    608.00000     24.65766
 116      8.25000    579.00000     24.06242
 117      8.75000    539.00000     23.21637
 118      9.25000    510.00000     22.58318
 119      9.75000    443.00000     21.04757
 120     10.25000    474.00000     21.77154
 121     10.75000    488.00000     22.09072
 122     11.25000    438.00000     20.92845
 123     11.75000    416.00000     20.39608
 124     12.25000    394.00000     19.84943
 125     12.75000    409.00000     20.22375
 126     13.25000    398.00000     19.94994
 127     13.75000    390.00000     19.74842
 128     14.25000    358.00000     18.92089
 129     14.75000    350.00000     18.70829
 130     15.25000    313.00000     17.69181
 131     15.75000    317.00000     17.80449
 132     16.25000    336.00000     18.33030
 133     16.75000    315.00000     17.74824
 134     17.25000    295.00000     17.17556
 135     17.75000    319.00000     17.86057
 136     18.25000    314.00000     17.72005
 137     18.75000    306.00000     17.49286
 138     19.25000    296.00000     17.20465
 139     19.75000    326.00000     18.05547
 140     20.25000    303.00000     17.40689
 141     20.75000    333.00000     18.24829
 142     21.25000    324.00000     18.00000
 143     21.75000    351.00000     18.73499
 144     22.25000    402.00000     20.04994
 145     22.75000    391.00000     19.77372
 146     23.25000    474.00000     21.77154
 147     23.75000    557.00000     23.60085
 148     24.25000    641.00000     25.31798
 149     24.75000    801.00000     28.30194
 150     25.25000    789.00000     28.08914
 151     25.75000    644.00000     25.37716
 152     26.25000    533.00000     23.08679
 153     26.75000    420.00000     20.49390
 154     27.25000    419.00000     20.46949
 155     27.75000    387.00000     19.67232
 156     28.25000    352.00000     18.76166
 157     28.75000    389.00000     19.72308
 158     29.25000    331.00000     18.19341
 159     29.75000    325.00000     18.02776
 160     30.25000    292.00000     17.08801
 161     30.75000    307.00000     17.52142
 162     31.25000    335.00000     18.30301
 163     31.75000    295.00000     17.17556
 164     32.25000    276.00000     16.61325
 165     32.75000    299.00000     17.29162
 166     33.25000    281.00000     16.76305
 167     33.75000    297.00000     17.23369
 168     34.25000    278.00000     16.67333
 169     34.75000    249.00000     15.77973
 170     35.25000    248.00000     15.74802
 171     35.75000    262.00000     16.18641
 172     36.25000    225.00000     15.00000
 173     36.75000    265.00000     16.27882
 174     37.25000    216.00000     14.69694
 175     37.75000    216.00000     14.69694
 176     38.25000    195.00000     13.96424
 177     38.75000    202.00000     14.21267
 178     39.25000    216.00000     14.69694
 179     39.75000    196.00000     14.00000
