#---------- /trpos_5SL/vz5SL_trpos : 180,-50.00000,40.00000
   0    -49.75000     28.00000      5.29150
   1    -49.25000     30.00000      5.47723
   2    -48.75000     26.00000      5.09902
   3    -48.25000     29.00000      5.38516
   4    -47.75000     29.00000      5.38516
   5    -47.25000     35.00000      5.91608
   6    -46.75000     38.00000      6.16441
   7    -46.25000     27.00000      5.19615
   8    -45.75000     29.00000      5.38516
   9    -45.25000     37.00000      6.08276
  10    -44.75000     33.00000      5.74456
  11    -44.25000     34.00000      5.83095
  12    -43.75000     40.00000      6.32456
  13    -43.25000     41.00000      6.40312
  14    -42.75000     39.00000      6.24500
  15    -42.25000     37.00000      6.08276
  16    -41.75000     25.00000      5.00000
  17    -41.25000     36.00000      6.00000
  18    -40.75000     29.00000      5.38516
  19    -40.25000     44.00000      6.63325
  20    -39.75000     41.00000      6.40312
  21    -39.25000     35.00000      5.91608
  22    -38.75000     38.00000      6.16441
  23    -38.25000     43.00000      6.55744
  24    -37.75000     34.00000      5.83095
  25    -37.25000     36.00000      6.00000
  26    -36.75000     47.00000      6.85565
  27    -36.25000     34.00000      5.83095
  28    -35.75000     42.00000      6.48074
  29    -35.25000     43.00000      6.55744
  30    -34.75000     41.00000      6.40312
  31    -34.25000     47.00000      6.85565
  32    -33.75000     47.00000      6.85565
  33    -33.25000     46.00000      6.78233
  34    -32.75000     45.00000      6.70820
  35    -32.25000     38.00000      6.16441
  36    -31.75000     46.00000      6.78233
  37    -31.25000     45.00000      6.70820
  38    -30.75000     68.00000      8.24621
  39    -30.25000     52.00000      7.21110
  40    -29.75000     40.00000      6.32456
  41    -29.25000     42.00000      6.48074
  42    -28.75000     50.00000      7.07107
  43    -28.25000     48.00000      6.92820
  44    -27.75000     46.00000      6.78233
  45    -27.25000     55.00000      7.41620
  46    -26.75000     53.00000      7.28011
  47    -26.25000     53.00000      7.28011
  48    -25.75000     55.00000      7.41620
  49    -25.25000     65.00000      8.06226
  50    -24.75000     61.00000      7.81025
  51    -24.25000     69.00000      8.30662
  52    -23.75000     68.00000      8.24621
  53    -23.25000     75.00000      8.66025
  54    -22.75000     69.00000      8.30662
  55    -22.25000     82.00000      9.05539
  56    -21.75000     77.00000      8.77496
  57    -21.25000     85.00000      9.21954
  58    -20.75000     81.00000      9.00000
  59    -20.25000     81.00000      9.00000
  60    -19.75000     86.00000      9.27362
  61    -19.25000    100.00000     10.00000
  62    -18.75000    110.00000     10.48809
  63    -18.25000    103.00000     10.14889
  64    -17.75000    112.00000     10.58300
  65    -17.25000    111.00000     10.53565
  66    -16.75000    127.00000     11.26943
  67    -16.25000    141.00000     11.87434
  68    -15.75000    135.00000     11.61895
  69    -15.25000    171.00000     13.07670
  70    -14.75000    171.00000     13.07670
  71    -14.25000    192.00000     13.85641
  72    -13.75000    222.00000     14.89966
  73    -13.25000    235.00000     15.32971
  74    -12.75000    251.00000     15.84298
  75    -12.25000    291.00000     17.05872
  76    -11.75000    330.00000     18.16590
  77    -11.25000    398.00000     19.94994
  78    -10.75000    432.00000     20.78461
  79    -10.25000    464.00000     21.54066
  80     -9.75000    560.00000     23.66432
  81     -9.25000    663.00000     25.74879
  82     -8.75000    809.00000     28.44292
  83     -8.25000    948.00000     30.78961
  84     -7.75000   1177.00000     34.30743
  85     -7.25000   1515.00000     38.92300
  86     -6.75000   2039.00000     45.15529
  87     -6.25000   2609.00000     51.07837
  88     -5.75000   3063.00000     55.34438
  89     -5.25000   3487.00000     59.05083
  90     -4.75000   3674.00000     60.61353
  91     -4.25000   3907.00000     62.50600
  92     -3.75000   3854.00000     62.08059
  93     -3.25000   3897.00000     62.42596
  94     -2.75000   3804.00000     61.67657
  95     -2.25000   3591.00000     59.92495
  96     -1.75000   3214.00000     56.69215
  97     -1.25000   2568.00000     50.67544
  98     -0.75000   1984.00000     44.54211
  99     -0.25000   1373.00000     37.05402
 100      0.25000   1040.00000     32.24903
 101      0.75000    791.00000     28.12472
 102      1.25000    636.00000     25.21904
 103      1.75000    552.00000     23.49468
 104      2.25000    449.00000     21.18962
 105      2.75000    430.00000     20.73644
 106      3.25000    351.00000     18.73499
 107      3.75000    318.00000     17.83255
 108      4.25000    297.00000     17.23369
 109      4.75000    235.00000     15.32971
 110      5.25000    234.00000     15.29706
 111      5.75000    215.00000     14.66288
 112      6.25000    184.00000     13.56466
 113      6.75000    168.00000     12.96148
 114      7.25000    153.00000     12.36932
 115      7.75000    163.00000     12.76715
 116      8.25000    152.00000     12.32883
 117      8.75000    159.00000     12.60952
 118      9.25000    137.00000     11.70470
 119      9.75000    128.00000     11.31371
 120     10.25000    109.00000     10.44031
 121     10.75000    123.00000     11.09054
 122     11.25000    103.00000     10.14889
 123     11.75000    108.00000     10.39230
 124     12.25000    107.00000     10.34408
 125     12.75000    124.00000     11.13553
 126     13.25000     99.00000      9.94987
 127     13.75000     93.00000      9.64365
 128     14.25000     88.00000      9.38083
 129     14.75000     88.00000      9.38083
 130     15.25000     96.00000      9.79796
 131     15.75000     93.00000      9.64365
 132     16.25000     99.00000      9.94987
 133     16.75000    105.00000     10.24695
 134     17.25000     79.00000      8.88819
 135     17.75000     95.00000      9.74679
 136     18.25000     84.00000      9.16515
 137     18.75000     83.00000      9.11043
 138     19.25000     86.00000      9.27362
 139     19.75000    110.00000     10.48809
 140     20.25000     92.00000      9.59166
 141     20.75000    117.00000     10.81665
 142     21.25000    101.00000     10.04988
 143     21.75000    123.00000     11.09054
 144     22.25000    155.00000     12.44990
 145     22.75000    163.00000     12.76715
 146     23.25000    179.00000     13.37909
 147     23.75000    255.00000     15.96872
 148     24.25000    280.00000     16.73320
 149     24.75000    373.00000     19.31321
 150     25.25000    361.00000     19.00000
 151     25.75000    315.00000     17.74824
 152     26.25000    258.00000     16.06238
 153     26.75000    221.00000     14.86607
 154     27.25000    201.00000     14.17745
 155     27.75000    148.00000     12.16553
 156     28.25000    148.00000     12.16553
 157     28.75000    154.00000     12.40967
 158     29.25000    165.00000     12.84523
 159     29.75000    154.00000     12.40967
 160     30.25000    151.00000     12.28821
 161     30.75000    132.00000     11.48913
 162     31.25000    164.00000     12.80625
 163     31.75000    124.00000     11.13553
 164     32.25000    138.00000     11.74734
 165     32.75000    114.00000     10.67708
 166     33.25000    138.00000     11.74734
 167     33.75000    144.00000     12.00000
 168     34.25000    129.00000     11.35782
 169     34.75000    141.00000     11.87434
 170     35.25000    113.00000     10.63015
 171     35.75000    133.00000     11.53256
 172     36.25000    139.00000     11.78983
 173     36.75000    132.00000     11.48913
 174     37.25000    142.00000     11.91638
 175     37.75000    119.00000     10.90871
 176     38.25000    108.00000     10.39230
 177     38.75000    127.00000     11.26943
 178     39.25000    139.00000     11.78983
 179     39.75000     92.00000      9.59166
