#---------- /trpos_6SL/vz6SL_trpos : 180,-50.00000,40.00000
   0    -49.75000    141.00000     11.87434
   1    -49.25000    140.00000     11.83216
   2    -48.75000    144.00000     12.00000
   3    -48.25000    150.00000     12.24745
   4    -47.75000    157.00000     12.52996
   5    -47.25000    174.00000     13.19091
   6    -46.75000    166.00000     12.88410
   7    -46.25000    137.00000     11.70470
   8    -45.75000    177.00000     13.30413
   9    -45.25000    164.00000     12.80625
  10    -44.75000    184.00000     13.56466
  11    -44.25000    165.00000     12.84523
  12    -43.75000    165.00000     12.84523
  13    -43.25000    187.00000     13.67479
  14    -42.75000    186.00000     13.63818
  15    -42.25000    194.00000     13.92839
  16    -41.75000    190.00000     13.78405
  17    -41.25000    170.00000     13.03840
  18    -40.75000    178.00000     13.34166
  19    -40.25000    191.00000     13.82028
  20    -39.75000    172.00000     13.11488
  21    -39.25000    202.00000     14.21267
  22    -38.75000    226.00000     15.03330
  23    -38.25000    192.00000     13.85641
  24    -37.75000    197.00000     14.03567
  25    -37.25000    215.00000     14.66288
  26    -36.75000    206.00000     14.35270
  27    -36.25000    222.00000     14.89966
  28    -35.75000    234.00000     15.29706
  29    -35.25000    218.00000     14.76482
  30    -34.75000    231.00000     15.19868
  31    -34.25000    236.00000     15.36229
  32    -33.75000    207.00000     14.38750
  33    -33.25000    229.00000     15.13275
  34    -32.75000    235.00000     15.32971
  35    -32.25000    226.00000     15.03330
  36    -31.75000    263.00000     16.21728
  37    -31.25000    245.00000     15.65248
  38    -30.75000    287.00000     16.94107
  39    -30.25000    282.00000     16.79286
  40    -29.75000    280.00000     16.73320
  41    -29.25000    286.00000     16.91154
  42    -28.75000    288.00000     16.97056
  43    -28.25000    324.00000     18.00000
  44    -27.75000    298.00000     17.26268
  45    -27.25000    326.00000     18.05547
  46    -26.75000    311.00000     17.63519
  47    -26.25000    329.00000     18.13836
  48    -25.75000    314.00000     17.72005
  49    -25.25000    349.00000     18.68154
  50    -24.75000    374.00000     19.33908
  51    -24.25000    379.00000     19.46792
  52    -23.75000    366.00000     19.13113
  53    -23.25000    421.00000     20.51828
  54    -22.75000    411.00000     20.27313
  55    -22.25000    486.00000     22.04541
  56    -21.75000    448.00000     21.16601
  57    -21.25000    471.00000     21.70253
  58    -20.75000    550.00000     23.45208
  59    -20.25000    535.00000     23.13007
  60    -19.75000    612.00000     24.73863
  61    -19.25000    632.00000     25.13961
  62    -18.75000    648.00000     25.45584
  63    -18.25000    663.00000     25.74879
  64    -17.75000    748.00000     27.34959
  65    -17.25000    815.00000     28.54820
  66    -16.75000    842.00000     29.01724
  67    -16.25000    909.00000     30.14963
  68    -15.75000   1031.00000     32.10919
  69    -15.25000   1058.00000     32.52691
  70    -14.75000   1195.00000     34.56877
  71    -14.25000   1335.00000     36.53765
  72    -13.75000   1510.00000     38.85872
  73    -13.25000   1581.00000     39.76179
  74    -12.75000   1808.00000     42.52058
  75    -12.25000   2050.00000     45.27692
  76    -11.75000   2306.00000     48.02083
  77    -11.25000   2715.00000     52.10566
  78    -10.75000   3085.00000     55.54278
  79    -10.25000   3663.00000     60.52272
  80     -9.75000   4176.00000     64.62198
  81     -9.25000   5133.00000     71.64496
  82     -8.75000   6390.00000     79.93748
  83     -8.25000   8244.00000     90.79648
  84     -7.75000  10535.00000    102.64014
  85     -7.25000  14031.00000    118.45252
  86     -6.75000  19024.00000    137.92752
  87     -6.25000  24892.00000    157.77199
  88     -5.75000  31834.00000    178.42085
  89     -5.25000  36733.00000    191.65855
  90     -4.75000  39399.00000    198.49181
  91     -4.25000  41250.00000    203.10097
  92     -3.75000  41861.00000    204.59961
  93     -3.25000  41128.00000    202.80040
  94     -2.75000  39971.00000    199.92749
  95     -2.25000  37683.00000    194.12109
  96     -1.75000  33614.00000    183.34122
  97     -1.25000  27395.00000    165.51434
  98     -0.75000  19921.00000    141.14177
  99     -0.25000  13286.00000    115.26492
 100      0.25000   9460.00000     97.26254
 101      0.75000   7154.00000     84.58132
 102      1.25000   5627.00000     75.01333
 103      1.75000   4890.00000     69.92854
 104      2.25000   4105.00000     64.07027
 105      2.75000   3425.00000     58.52350
 106      3.25000   2888.00000     53.74012
 107      3.75000   2434.00000     49.33559
 108      4.25000   2202.00000     46.92547
 109      4.75000   1882.00000     43.38202
 110      5.25000   1692.00000     41.13393
 111      5.75000   1593.00000     39.91240
 112      6.25000   1494.00000     38.65230
 113      6.75000   1369.00000     37.00000
 114      7.25000   1338.00000     36.57868
 115      7.75000   1194.00000     34.55431
 116      8.25000   1087.00000     32.96968
 117      8.75000   1174.00000     34.26368
 118      9.25000    979.00000     31.28897
 119      9.75000    922.00000     30.36445
 120     10.25000    901.00000     30.01666
 121     10.75000    907.00000     30.11644
 122     11.25000    860.00000     29.32576
 123     11.75000    845.00000     29.06888
 124     12.25000    747.00000     27.33130
 125     12.75000    733.00000     27.07397
 126     13.25000    682.00000     26.11513
 127     13.75000    662.00000     25.72936
 128     14.25000    671.00000     25.90367
 129     14.75000    647.00000     25.43620
 130     15.25000    629.00000     25.07987
 131     15.75000    606.00000     24.61707
 132     16.25000    616.00000     24.81935
 133     16.75000    591.00000     24.31049
 134     17.25000    637.00000     25.23886
 135     17.75000    611.00000     24.71841
 136     18.25000    615.00000     24.79919
 137     18.75000    593.00000     24.35159
 138     19.25000    640.00000     25.29822
 139     19.75000    668.00000     25.84570
 140     20.25000    686.00000     26.19160
 141     20.75000    708.00000     26.60827
 142     21.25000    812.00000     28.49561
 143     21.75000    938.00000     30.62679
 144     22.25000   1059.00000     32.54228
 145     22.75000   1360.00000     36.87818
 146     23.25000   1652.00000     40.64480
 147     23.75000   2227.00000     47.19110
 148     24.25000   2854.00000     53.42284
 149     24.75000   3669.00000     60.57227
 150     25.25000   3659.00000     60.48967
 151     25.75000   2762.00000     52.55473
 152     26.25000   2124.00000     46.08688
 153     26.75000   1655.00000     40.68169
 154     27.25000   1509.00000     38.84585
 155     27.75000   1369.00000     37.00000
 156     28.25000   1299.00000     36.04164
 157     28.75000   1169.00000     34.19064
 158     29.25000   1226.00000     35.01428
 159     29.75000   1146.00000     33.85262
 160     30.25000   1142.00000     33.79349
 161     30.75000   1109.00000     33.30165
 162     31.25000   1122.00000     33.49627
 163     31.75000   1128.00000     33.58571
 164     32.25000   1106.00000     33.25658
 165     32.75000   1064.00000     32.61901
 166     33.25000   1066.00000     32.64965
 167     33.75000   1060.00000     32.55764
 168     34.25000    950.00000     30.82207
 169     34.75000   1026.00000     32.03123
 170     35.25000   1019.00000     31.92178
 171     35.75000    976.00000     31.24100
 172     36.25000   1009.00000     31.76476
 173     36.75000    967.00000     31.09662
 174     37.25000    979.00000     31.28897
 175     37.75000    970.00000     31.14482
 176     38.25000    922.00000     30.36445
 177     38.75000   1009.00000     31.76476
 178     39.25000    939.00000     30.64311
 179     39.75000    916.00000     30.26549
