#---------- /aineg_6SL/vz6SL_aineg : 180,-50.00000,40.00000
   0    -49.75000     13.00000      3.60555
   1    -49.25000     13.00000      3.60555
   2    -48.75000     11.00000      3.31662
   3    -48.25000      9.00000      3.00000
   4    -47.75000     15.00000      3.87298
   5    -47.25000     12.00000      3.46410
   6    -46.75000      9.00000      3.00000
   7    -46.25000     13.00000      3.60555
   8    -45.75000      8.00000      2.82843
   9    -45.25000     14.00000      3.74166
  10    -44.75000     10.00000      3.16228
  11    -44.25000     17.00000      4.12311
  12    -43.75000     12.00000      3.46410
  13    -43.25000      9.00000      3.00000
  14    -42.75000     11.00000      3.31662
  15    -42.25000     16.00000      4.00000
  16    -41.75000     16.00000      4.00000
  17    -41.25000     17.00000      4.12311
  18    -40.75000     13.00000      3.60555
  19    -40.25000     19.00000      4.35890
  20    -39.75000     18.00000      4.24264
  21    -39.25000     14.00000      3.74166
  22    -38.75000     23.00000      4.79583
  23    -38.25000     20.00000      4.47214
  24    -37.75000     21.00000      4.58258
  25    -37.25000     18.00000      4.24264
  26    -36.75000     21.00000      4.58258
  27    -36.25000     23.00000      4.79583
  28    -35.75000     14.00000      3.74166
  29    -35.25000     13.00000      3.60555
  30    -34.75000     20.00000      4.47214
  31    -34.25000     16.00000      4.00000
  32    -33.75000     21.00000      4.58258
  33    -33.25000     24.00000      4.89898
  34    -32.75000     26.00000      5.09902
  35    -32.25000     17.00000      4.12311
  36    -31.75000     14.00000      3.74166
  37    -31.25000     23.00000      4.79583
  38    -30.75000     23.00000      4.79583
  39    -30.25000     20.00000      4.47214
  40    -29.75000     25.00000      5.00000
  41    -29.25000     34.00000      5.83095
  42    -28.75000     35.00000      5.91608
  43    -28.25000     28.00000      5.29150
  44    -27.75000     27.00000      5.19615
  45    -27.25000     26.00000      5.09902
  46    -26.75000     32.00000      5.65685
  47    -26.25000     27.00000      5.19615
  48    -25.75000     30.00000      5.47723
  49    -25.25000     34.00000      5.83095
  50    -24.75000     32.00000      5.65685
  51    -24.25000     44.00000      6.63325
  52    -23.75000     35.00000      5.91608
  53    -23.25000     52.00000      7.21110
  54    -22.75000     48.00000      6.92820
  55    -22.25000     56.00000      7.48331
  56    -21.75000     50.00000      7.07107
  57    -21.25000     53.00000      7.28011
  58    -20.75000     37.00000      6.08276
  59    -20.25000     62.00000      7.87401
  60    -19.75000     55.00000      7.41620
  61    -19.25000     80.00000      8.94427
  62    -18.75000     77.00000      8.77496
  63    -18.25000     71.00000      8.42615
  64    -17.75000     78.00000      8.83176
  65    -17.25000     93.00000      9.64365
  66    -16.75000    107.00000     10.34408
  67    -16.25000    102.00000     10.09950
  68    -15.75000    120.00000     10.95445
  69    -15.25000    134.00000     11.57584
  70    -14.75000    149.00000     12.20656
  71    -14.25000    175.00000     13.22876
  72    -13.75000    204.00000     14.28286
  73    -13.25000    222.00000     14.89966
  74    -12.75000    295.00000     17.17556
  75    -12.25000    297.00000     17.23369
  76    -11.75000    339.00000     18.41195
  77    -11.25000    399.00000     19.97499
  78    -10.75000    430.00000     20.73644
  79    -10.25000    516.00000     22.71563
  80     -9.75000    656.00000     25.61250
  81     -9.25000    792.00000     28.14249
  82     -8.75000    954.00000     30.88689
  83     -8.25000   1252.00000     35.38361
  84     -7.75000   1743.00000     41.74925
  85     -7.25000   2488.00000     49.87986
  86     -6.75000   3993.00000     63.19019
  87     -6.25000   6741.00000     82.10359
  88     -5.75000  10680.00000    103.34409
  89     -5.25000  14753.00000    121.46193
  90     -4.75000  17333.00000    131.65485
  91     -4.25000  19071.00000    138.09779
  92     -3.75000  20241.00000    142.27087
  93     -3.25000  20560.00000    143.38759
  94     -2.75000  21346.00000    146.10271
  95     -2.25000  21093.00000    145.23430
  96     -1.75000  20695.00000    143.85757
  97     -1.25000  18717.00000    136.81009
  98     -0.75000  14776.00000    121.55657
  99     -0.25000   9984.00000     99.91997
 100      0.25000   6717.00000     81.95731
 101      0.75000   4782.00000     69.15201
 102      1.25000   3641.00000     60.34070
 103      1.75000   3132.00000     55.96428
 104      2.25000   2678.00000     51.74940
 105      2.75000   2273.00000     47.67599
 106      3.25000   1825.00000     42.72002
 107      3.75000   1586.00000     39.82462
 108      4.25000   1379.00000     37.13489
 109      4.75000   1223.00000     34.97142
 110      5.25000   1120.00000     33.46640
 111      5.75000   1014.00000     31.84337
 112      6.25000    920.00000     30.33150
 113      6.75000    826.00000     28.74022
 114      7.25000    788.00000     28.07134
 115      7.75000    675.00000     25.98076
 116      8.25000    674.00000     25.96151
 117      8.75000    546.00000     23.36664
 118      9.25000    576.00000     24.00000
 119      9.75000    516.00000     22.71563
 120     10.25000    484.00000     22.00000
 121     10.75000    467.00000     21.61018
 122     11.25000    416.00000     20.39608
 123     11.75000    427.00000     20.66398
 124     12.25000    403.00000     20.07486
 125     12.75000    366.00000     19.13113
 126     13.25000    351.00000     18.73499
 127     13.75000    305.00000     17.46425
 128     14.25000    337.00000     18.35756
 129     14.75000    308.00000     17.54993
 130     15.25000    277.00000     16.64332
 131     15.75000    281.00000     16.76305
 132     16.25000    265.00000     16.27882
 133     16.75000    255.00000     15.96872
 134     17.25000    238.00000     15.42725
 135     17.75000    238.00000     15.42725
 136     18.25000    252.00000     15.87451
 137     18.75000    213.00000     14.59452
 138     19.25000    224.00000     14.96663
 139     19.75000    214.00000     14.62874
 140     20.25000    208.00000     14.42220
 141     20.75000    210.00000     14.49138
 142     21.25000    191.00000     13.82028
 143     21.75000    211.00000     14.52584
 144     22.25000    230.00000     15.16575
 145     22.75000    289.00000     17.00000
 146     23.25000    325.00000     18.02776
 147     23.75000    500.00000     22.36068
 148     24.25000    786.00000     28.03569
 149     24.75000   1234.00000     35.12834
 150     25.25000   1654.00000     40.66940
 151     25.75000   1320.00000     36.33180
 152     26.25000    887.00000     29.78255
 153     26.75000    582.00000     24.12468
 154     27.25000    466.00000     21.58703
 155     27.75000    391.00000     19.77372
 156     28.25000    369.00000     19.20937
 157     28.75000    375.00000     19.36492
 158     29.25000    331.00000     18.19341
 159     29.75000    290.00000     17.02939
 160     30.25000    255.00000     15.96872
 161     30.75000    261.00000     16.15549
 162     31.25000    248.00000     15.74802
 163     31.75000    225.00000     15.00000
 164     32.25000    209.00000     14.45683
 165     32.75000    209.00000     14.45683
 166     33.25000    195.00000     13.96424
 167     33.75000    209.00000     14.45683
 168     34.25000    180.00000     13.41641
 169     34.75000    153.00000     12.36932
 170     35.25000    155.00000     12.44990
 171     35.75000    161.00000     12.68858
 172     36.25000    140.00000     11.83216
 173     36.75000    139.00000     11.78983
 174     37.25000    137.00000     11.70470
 175     37.75000    139.00000     11.78983
 176     38.25000    109.00000     10.44031
 177     38.75000    112.00000     10.58300
 178     39.25000    105.00000     10.24695
 179     39.75000     96.00000      9.79796
