#---------- /aipos_6SL/vz6SL_aipos : 180,-50.00000,40.00000
   0    -49.75000     76.00000      8.71780
   1    -49.25000     73.00000      8.54400
   2    -48.75000     98.00000      9.89950
   3    -48.25000     80.00000      8.94427
   4    -47.75000    108.00000     10.39230
   5    -47.25000    104.00000     10.19804
   6    -46.75000     98.00000      9.89950
   7    -46.25000    115.00000     10.72381
   8    -45.75000    118.00000     10.86278
   9    -45.25000    116.00000     10.77033
  10    -44.75000    111.00000     10.53565
  11    -44.25000    108.00000     10.39230
  12    -43.75000    121.00000     11.00000
  13    -43.25000    132.00000     11.48913
  14    -42.75000    132.00000     11.48913
  15    -42.25000    131.00000     11.44552
  16    -41.75000    136.00000     11.66190
  17    -41.25000    132.00000     11.48913
  18    -40.75000    124.00000     11.13553
  19    -40.25000    133.00000     11.53256
  20    -39.75000    143.00000     11.95826
  21    -39.25000    148.00000     12.16553
  22    -38.75000    170.00000     13.03840
  23    -38.25000    155.00000     12.44990
  24    -37.75000    148.00000     12.16553
  25    -37.25000    167.00000     12.92285
  26    -36.75000    174.00000     13.19091
  27    -36.25000    170.00000     13.03840
  28    -35.75000    176.00000     13.26650
  29    -35.25000    198.00000     14.07125
  30    -34.75000    168.00000     12.96148
  31    -34.25000    187.00000     13.67479
  32    -33.75000    152.00000     12.32883
  33    -33.25000    202.00000     14.21267
  34    -32.75000    189.00000     13.74773
  35    -32.25000    184.00000     13.56466
  36    -31.75000    206.00000     14.35270
  37    -31.25000    206.00000     14.35270
  38    -30.75000    248.00000     15.74802
  39    -30.25000    264.00000     16.24808
  40    -29.75000    200.00000     14.14214
  41    -29.25000    239.00000     15.45963
  42    -28.75000    236.00000     15.36229
  43    -28.25000    273.00000     16.52271
  44    -27.75000    260.00000     16.12452
  45    -27.25000    275.00000     16.58312
  46    -26.75000    270.00000     16.43168
  47    -26.25000    291.00000     17.05872
  48    -25.75000    284.00000     16.85230
  49    -25.25000    317.00000     17.80449
  50    -24.75000    336.00000     18.33030
  51    -24.25000    337.00000     18.35756
  52    -23.75000    339.00000     18.41195
  53    -23.25000    365.00000     19.10497
  54    -22.75000    396.00000     19.89975
  55    -22.25000    413.00000     20.32240
  56    -21.75000    433.00000     20.80865
  57    -21.25000    459.00000     21.42429
  58    -20.75000    499.00000     22.33831
  59    -20.25000    508.00000     22.53885
  60    -19.75000    569.00000     23.85372
  61    -19.25000    603.00000     24.55606
  62    -18.75000    600.00000     24.49490
  63    -18.25000    631.00000     25.11971
  64    -17.75000    747.00000     27.33130
  65    -17.25000    781.00000     27.94638
  66    -16.75000    829.00000     28.79236
  67    -16.25000    901.00000     30.01666
  68    -15.75000    995.00000     31.54362
  69    -15.25000   1070.00000     32.71085
  70    -14.75000   1226.00000     35.01428
  71    -14.25000   1358.00000     36.85105
  72    -13.75000   1521.00000     39.00000
  73    -13.25000   1661.00000     40.75537
  74    -12.75000   1894.00000     43.52011
  75    -12.25000   2110.00000     45.93474
  76    -11.75000   2424.00000     49.23413
  77    -11.25000   2808.00000     52.99057
  78    -10.75000   3212.00000     56.67451
  79    -10.25000   3802.00000     61.66036
  80     -9.75000   4497.00000     67.05968
  81     -9.25000   5415.00000     73.58669
  82     -8.75000   6744.00000     82.12186
  83     -8.25000   8703.00000     93.28987
  84     -7.75000  11061.00000    105.17129
  85     -7.25000  14600.00000    120.83046
  86     -6.75000  19878.00000    140.98936
  87     -6.25000  25999.00000    161.24205
  88     -5.75000  33114.00000    181.97252
  89     -5.25000  38114.00000    195.22807
  90     -4.75000  41002.00000    202.48950
  91     -4.25000  42871.00000    207.05313
  92     -3.75000  43423.00000    208.38187
  93     -3.25000  42592.00000    206.37830
  94     -2.75000  41431.00000    203.54607
  95     -2.25000  39064.00000    197.64615
  96     -1.75000  34861.00000    186.71101
  97     -1.25000  28444.00000    168.65349
  98     -0.75000  20622.00000    143.60362
  99     -0.25000  13794.00000    117.44786
 100      0.25000   9810.00000     99.04544
 101      0.75000   7474.00000     86.45230
 102      1.25000   5886.00000     76.72027
 103      1.75000   5103.00000     71.43529
 104      2.25000   4229.00000     65.03076
 105      2.75000   3523.00000     59.35487
 106      3.25000   2976.00000     54.55273
 107      3.75000   2567.00000     50.66557
 108      4.25000   2267.00000     47.61302
 109      4.75000   1937.00000     44.01136
 110      5.25000   1715.00000     41.41256
 111      5.75000   1668.00000     40.84116
 112      6.25000   1554.00000     39.42081
 113      6.75000   1373.00000     37.05402
 114      7.25000   1318.00000     36.30427
 115      7.75000   1223.00000     34.97142
 116      8.25000   1088.00000     32.98484
 117      8.75000   1157.00000     34.01470
 118      9.25000    963.00000     31.03224
 119      9.75000    898.00000     29.96665
 120     10.25000    897.00000     29.94996
 121     10.75000    856.00000     29.25748
 122     11.25000    825.00000     28.72281
 123     11.75000    796.00000     28.21347
 124     12.25000    681.00000     26.09598
 125     12.75000    678.00000     26.03843
 126     13.25000    647.00000     25.43620
 127     13.75000    628.00000     25.05993
 128     14.25000    617.00000     24.83949
 129     14.75000    635.00000     25.19921
 130     15.25000    596.00000     24.41311
 131     15.75000    591.00000     24.31049
 132     16.25000    551.00000     23.47339
 133     16.75000    520.00000     22.80351
 134     17.25000    557.00000     23.60085
 135     17.75000    512.00000     22.62742
 136     18.25000    549.00000     23.43075
 137     18.75000    533.00000     23.08679
 138     19.25000    539.00000     23.21637
 139     19.75000    563.00000     23.72762
 140     20.25000    596.00000     24.41311
 141     20.75000    586.00000     24.20744
 142     21.25000    677.00000     26.01922
 143     21.75000    750.00000     27.38613
 144     22.25000    857.00000     29.27456
 145     22.75000   1088.00000     32.98484
 146     23.25000   1371.00000     37.02702
 147     23.75000   1685.00000     41.04875
 148     24.25000   2087.00000     45.68370
 149     24.75000   2480.00000     49.79960
 150     25.25000   2384.00000     48.82622
 151     25.75000   1890.00000     43.47413
 152     26.25000   1443.00000     37.98684
 153     26.75000   1162.00000     34.08812
 154     27.25000   1045.00000     32.32646
 155     27.75000    950.00000     30.82207
 156     28.25000    831.00000     28.82707
 157     28.75000    804.00000     28.35489
 158     29.25000    765.00000     27.65863
 159     29.75000    729.00000     27.00000
 160     30.25000    683.00000     26.13427
 161     30.75000    681.00000     26.09598
 162     31.25000    628.00000     25.05993
 163     31.75000    668.00000     25.84570
 164     32.25000    620.00000     24.89980
 165     32.75000    616.00000     24.81935
 166     33.25000    569.00000     23.85372
 167     33.75000    552.00000     23.49468
 168     34.25000    518.00000     22.75961
 169     34.75000    548.00000     23.40940
 170     35.25000    538.00000     23.19483
 171     35.75000    519.00000     22.78157
 172     36.25000    528.00000     22.97825
 173     36.75000    513.00000     22.64950
 174     37.25000    482.00000     21.95450
 175     37.75000    477.00000     21.84033
 176     38.25000    463.00000     21.51744
 177     38.75000    476.00000     21.81742
 178     39.25000    430.00000     20.73644
 179     39.75000    422.00000     20.54264
