#---------- /trneg_6SL/vz6SL_trneg : 180,-50.00000,40.00000
   0    -49.75000     28.00000      5.29150
   1    -49.25000     30.00000      5.47723
   2    -48.75000     28.00000      5.29150
   3    -48.25000     24.00000      4.89898
   4    -47.75000     36.00000      6.00000
   5    -47.25000     33.00000      5.74456
   6    -46.75000     28.00000      5.29150
   7    -46.25000     35.00000      5.91608
   8    -45.75000     23.00000      4.79583
   9    -45.25000     41.00000      6.40312
  10    -44.75000     32.00000      5.65685
  11    -44.25000     34.00000      5.83095
  12    -43.75000     36.00000      6.00000
  13    -43.25000     27.00000      5.19615
  14    -42.75000     35.00000      5.91608
  15    -42.25000     35.00000      5.91608
  16    -41.75000     32.00000      5.65685
  17    -41.25000     33.00000      5.74456
  18    -40.75000     34.00000      5.83095
  19    -40.25000     39.00000      6.24500
  20    -39.75000     35.00000      5.91608
  21    -39.25000     23.00000      4.79583
  22    -38.75000     40.00000      6.32456
  23    -38.25000     43.00000      6.55744
  24    -37.75000     42.00000      6.48074
  25    -37.25000     40.00000      6.32456
  26    -36.75000     39.00000      6.24500
  27    -36.25000     55.00000      7.41620
  28    -35.75000     36.00000      6.00000
  29    -35.25000     42.00000      6.48074
  30    -34.75000     45.00000      6.70820
  31    -34.25000     36.00000      6.00000
  32    -33.75000     44.00000      6.63325
  33    -33.25000     43.00000      6.55744
  34    -32.75000     53.00000      7.28011
  35    -32.25000     41.00000      6.40312
  36    -31.75000     47.00000      6.85565
  37    -31.25000     48.00000      6.92820
  38    -30.75000     57.00000      7.54983
  39    -30.25000     40.00000      6.32456
  40    -29.75000     46.00000      6.78233
  41    -29.25000     57.00000      7.54983
  42    -28.75000     56.00000      7.48331
  43    -28.25000     66.00000      8.12404
  44    -27.75000     46.00000      6.78233
  45    -27.25000     56.00000      7.48331
  46    -26.75000     58.00000      7.61577
  47    -26.25000     65.00000      8.06226
  48    -25.75000     70.00000      8.36660
  49    -25.25000     66.00000      8.12404
  50    -24.75000     56.00000      7.48331
  51    -24.25000     85.00000      9.21954
  52    -23.75000     64.00000      8.00000
  53    -23.25000     73.00000      8.54400
  54    -22.75000     85.00000      9.21954
  55    -22.25000     67.00000      8.18535
  56    -21.75000     70.00000      8.36660
  57    -21.25000     84.00000      9.16515
  58    -20.75000     77.00000      8.77496
  59    -20.25000     91.00000      9.53939
  60    -19.75000    106.00000     10.29563
  61    -19.25000     89.00000      9.43398
  62    -18.75000    110.00000     10.48809
  63    -18.25000    102.00000     10.09950
  64    -17.75000    111.00000     10.53565
  65    -17.25000    119.00000     10.90871
  66    -16.75000    130.00000     11.40175
  67    -16.25000    137.00000     11.70470
  68    -15.75000    146.00000     12.08305
  69    -15.25000    163.00000     12.76715
  70    -14.75000    162.00000     12.72792
  71    -14.25000    203.00000     14.24781
  72    -13.75000    216.00000     14.69694
  73    -13.25000    247.00000     15.71623
  74    -12.75000    294.00000     17.14643
  75    -12.25000    313.00000     17.69181
  76    -11.75000    328.00000     18.11077
  77    -11.25000    415.00000     20.37155
  78    -10.75000    441.00000     21.00000
  79    -10.25000    504.00000     22.44994
  80     -9.75000    633.00000     25.15949
  81     -9.25000    748.00000     27.34959
  82     -8.75000    906.00000     30.09983
  83     -8.25000   1220.00000     34.92850
  84     -7.75000   1704.00000     41.27953
  85     -7.25000   2371.00000     48.69292
  86     -6.75000   3909.00000     62.52200
  87     -6.25000   6538.00000     80.85790
  88     -5.75000  10408.00000    102.01961
  89     -5.25000  14375.00000    119.89579
  90     -4.75000  16920.00000    130.07690
  91     -4.25000  18626.00000    136.47711
  92     -3.75000  19673.00000    140.26047
  93     -3.25000  20104.00000    141.78857
  94     -2.75000  20787.00000    144.17697
  95     -2.25000  20610.00000    143.56183
  96     -1.75000  20192.00000    142.09856
  97     -1.25000  18256.00000    135.11476
  98     -0.75000  14363.00000    119.84573
  99     -0.25000   9743.00000     98.70663
 100      0.25000   6520.00000     80.74651
 101      0.75000   4623.00000     67.99265
 102      1.25000   3513.00000     59.27057
 103      1.75000   3010.00000     54.86347
 104      2.25000   2622.00000     51.20547
 105      2.75000   2201.00000     46.91482
 106      3.25000   1780.00000     42.19004
 107      3.75000   1588.00000     39.84972
 108      4.25000   1354.00000     36.79674
 109      4.75000   1180.00000     34.35113
 110      5.25000   1128.00000     33.58571
 111      5.75000    990.00000     31.46427
 112      6.25000    893.00000     29.88311
 113      6.75000    820.00000     28.63564
 114      7.25000    768.00000     27.71281
 115      7.75000    701.00000     26.47640
 116      8.25000    668.00000     25.84570
 117      8.75000    564.00000     23.74868
 118      9.25000    612.00000     24.73863
 119      9.75000    550.00000     23.45208
 120     10.25000    510.00000     22.58318
 121     10.75000    493.00000     22.20360
 122     11.25000    456.00000     21.35416
 123     11.75000    434.00000     20.83267
 124     12.25000    449.00000     21.18962
 125     12.75000    401.00000     20.02498
 126     13.25000    390.00000     19.74842
 127     13.75000    353.00000     18.78829
 128     14.25000    391.00000     19.77372
 129     14.75000    360.00000     18.97367
 130     15.25000    341.00000     18.46618
 131     15.75000    341.00000     18.46618
 132     16.25000    317.00000     17.80449
 133     16.75000    298.00000     17.26268
 134     17.25000    304.00000     17.43560
 135     17.75000    267.00000     16.34014
 136     18.25000    324.00000     18.00000
 137     18.75000    271.00000     16.46208
 138     19.25000    292.00000     17.08801
 139     19.75000    269.00000     16.40122
 140     20.25000    279.00000     16.70329
 141     20.75000    278.00000     16.67333
 142     21.25000    291.00000     17.05872
 143     21.75000    280.00000     16.73320
 144     22.25000    330.00000     18.16590
 145     22.75000    407.00000     20.17424
 146     23.25000    503.00000     22.42766
 147     23.75000    704.00000     26.53300
 148     24.25000   1222.00000     34.95712
 149     24.75000   1973.00000     44.41846
 150     25.25000   2710.00000     52.05766
 151     25.75000   2190.00000     46.79744
 152     26.25000   1496.00000     38.67816
 153     26.75000   1092.00000     33.04542
 154     27.25000    902.00000     30.03332
 155     27.75000    767.00000     27.69477
 156     28.25000    741.00000     27.22132
 157     28.75000    721.00000     26.85144
 158     29.25000    695.00000     26.36285
 159     29.75000    609.00000     24.67793
 160     30.25000    631.00000     25.11971
 161     30.75000    572.00000     23.91652
 162     31.25000    615.00000     24.79919
 163     31.75000    593.00000     24.35159
 164     32.25000    613.00000     24.75884
 165     32.75000    604.00000     24.57641
 166     33.25000    595.00000     24.39262
 167     33.75000    604.00000     24.57641
 168     34.25000    530.00000     23.02173
 169     34.75000    557.00000     23.60085
 170     35.25000    557.00000     23.60085
 171     35.75000    563.00000     23.72762
 172     36.25000    563.00000     23.72762
 173     36.75000    589.00000     24.26932
 174     37.25000    554.00000     23.53720
 175     37.75000    539.00000     23.21637
 176     38.25000    543.00000     23.30236
 177     38.75000    541.00000     23.25941
 178     39.25000    497.00000     22.29350
 179     39.75000    521.00000     22.82542
