#---------- /aipos_summary/vz_aipos : 180,-50.00000,40.00000
   0    -49.75000    163.00000     12.76715
   1    -49.25000    152.00000     12.32883
   2    -48.75000    182.00000     13.49074
   3    -48.25000    191.00000     13.82028
   4    -47.75000    209.00000     14.45683
   5    -47.25000    207.00000     14.38750
   6    -46.75000    183.00000     13.52775
   7    -46.25000    209.00000     14.45683
   8    -45.75000    206.00000     14.35270
   9    -45.25000    225.00000     15.00000
  10    -44.75000    213.00000     14.59452
  11    -44.25000    226.00000     15.03330
  12    -43.75000    236.00000     15.36229
  13    -43.25000    251.00000     15.84298
  14    -42.75000    246.00000     15.68439
  15    -42.25000    243.00000     15.58846
  16    -41.75000    242.00000     15.55635
  17    -41.25000    244.00000     15.62050
  18    -40.75000    261.00000     16.15549
  19    -40.25000    261.00000     16.15549
  20    -39.75000    264.00000     16.24808
  21    -39.25000    259.00000     16.09348
  22    -38.75000    307.00000     17.52142
  23    -38.25000    290.00000     17.02939
  24    -37.75000    282.00000     16.79286
  25    -37.25000    302.00000     17.37815
  26    -36.75000    324.00000     18.00000
  27    -36.25000    326.00000     18.05547
  28    -35.75000    339.00000     18.41195
  29    -35.25000    363.00000     19.05256
  30    -34.75000    310.00000     17.60682
  31    -34.25000    333.00000     18.24829
  32    -33.75000    292.00000     17.08801
  33    -33.25000    366.00000     19.13113
  34    -32.75000    396.00000     19.89975
  35    -32.25000    353.00000     18.78829
  36    -31.75000    372.00000     19.28730
  37    -31.25000    391.00000     19.77372
  38    -30.75000    419.00000     20.46949
  39    -30.25000    466.00000     21.58703
  40    -29.75000    387.00000     19.67232
  41    -29.25000    468.00000     21.63331
  42    -28.75000    444.00000     21.07131
  43    -28.25000    489.00000     22.11334
  44    -27.75000    488.00000     22.09072
  45    -27.25000    512.00000     22.62742
  46    -26.75000    512.00000     22.62742
  47    -26.25000    532.00000     23.06512
  48    -25.75000    508.00000     22.53885
  49    -25.25000    564.00000     23.74868
  50    -24.75000    626.00000     25.01999
  51    -24.25000    610.00000     24.69818
  52    -23.75000    634.00000     25.17936
  53    -23.25000    672.00000     25.92296
  54    -22.75000    735.00000     27.11088
  55    -22.25000    706.00000     26.57066
  56    -21.75000    762.00000     27.60435
  57    -21.25000    827.00000     28.75761
  58    -20.75000    867.00000     29.44486
  59    -20.25000    879.00000     29.64793
  60    -19.75000    949.00000     30.80584
  61    -19.25000   1003.00000     31.67018
  62    -18.75000   1037.00000     32.20248
  63    -18.25000   1044.00000     32.31099
  64    -17.75000   1200.00000     34.64102
  65    -17.25000   1249.00000     35.34119
  66    -16.75000   1328.00000     36.44173
  67    -16.25000   1474.00000     38.39271
  68    -15.75000   1519.00000     38.97435
  69    -15.25000   1623.00000     40.28647
  70    -14.75000   1849.00000     43.00000
  71    -14.25000   2077.00000     45.57412
  72    -13.75000   2304.00000     48.00000
  73    -13.25000   2456.00000     49.55805
  74    -12.75000   2748.00000     52.42137
  75    -12.25000   3066.00000     55.37147
  76    -11.75000   3495.00000     59.11853
  77    -11.25000   3954.00000     62.88084
  78    -10.75000   4480.00000     66.93280
  79    -10.25000   5218.00000     72.23573
  80     -9.75000   6175.00000     78.58117
  81     -9.25000   7264.00000     85.22910
  82     -8.75000   8882.00000     94.24436
  83     -8.25000  11215.00000    105.90089
  84     -7.75000  14133.00000    118.88229
  85     -7.25000  18447.00000    135.81973
  86     -6.75000  24729.00000    157.25458
  87     -6.25000  32054.00000    179.03632
  88     -5.75000  40228.00000    200.56918
  89     -5.25000  46161.00000    214.85110
  90     -4.75000  49627.00000    222.77118
  91     -4.25000  51827.00000    227.65544
  92     -3.75000  52539.00000    229.21387
  93     -3.25000  51573.00000    227.09689
  94     -2.75000  50083.00000    223.79231
  95     -2.25000  47294.00000    217.47183
  96     -1.75000  42342.00000    205.77171
  97     -1.25000  34695.00000    186.26595
  98     -0.75000  25467.00000    159.58383
  99     -0.25000  17435.00000    132.04166
 100      0.25000  12669.00000    112.55666
 101      0.75000   9806.00000     99.02525
 102      1.25000   7842.00000     88.55507
 103      1.75000   6790.00000     82.40146
 104      2.25000   5700.00000     75.49834
 105      2.75000   4817.00000     69.40461
 106      3.25000   4171.00000     64.58328
 107      3.75000   3653.00000     60.44005
 108      4.25000   3223.00000     56.77147
 109      4.75000   2777.00000     52.69725
 110      5.25000   2540.00000     50.39841
 111      5.75000   2393.00000     48.91830
 112      6.25000   2255.00000     47.48684
 113      6.75000   2053.00000     45.31004
 114      7.25000   1922.00000     43.84062
 115      7.75000   1856.00000     43.08132
 116      8.25000   1679.00000     40.97560
 117      8.75000   1710.00000     41.35215
 118      9.25000   1491.00000     38.61347
 119      9.75000   1365.00000     36.94591
 120     10.25000   1382.00000     37.17526
 121     10.75000   1360.00000     36.87818
 122     11.25000   1279.00000     35.76311
 123     11.75000   1222.00000     34.95712
 124     12.25000   1087.00000     32.96968
 125     12.75000   1098.00000     33.13608
 126     13.25000   1053.00000     32.44996
 127     13.75000   1033.00000     32.14032
 128     14.25000    984.00000     31.36877
 129     14.75000    996.00000     31.55947
 130     15.25000    922.00000     30.36445
 131     15.75000    921.00000     30.34798
 132     16.25000    894.00000     29.89983
 133     16.75000    846.00000     29.08608
 134     17.25000    863.00000     29.37686
 135     17.75000    844.00000     29.05168
 136     18.25000    871.00000     29.51271
 137     18.75000    849.00000     29.13760
 138     19.25000    848.00000     29.12044
 139     19.75000    900.00000     30.00000
 140     20.25000    911.00000     30.18278
 141     20.75000    929.00000     30.47950
 142     21.25000   1007.00000     31.73326
 143     21.75000   1112.00000     33.34666
 144     22.25000   1269.00000     35.62303
 145     22.75000   1493.00000     38.63936
 146     23.25000   1855.00000     43.06971
 147     23.75000   2250.00000     47.43417
 148     24.25000   2736.00000     52.30679
 149     24.75000   3289.00000     57.34980
 150     25.25000   3180.00000     56.39149
 151     25.75000   2540.00000     50.39841
 152     26.25000   1981.00000     44.50843
 153     26.75000   1593.00000     39.91240
 154     27.25000   1470.00000     38.34058
 155     27.75000   1345.00000     36.67424
 156     28.25000   1195.00000     34.56877
 157     28.75000   1202.00000     34.66987
 158     29.25000   1103.00000     33.21144
 159     29.75000   1059.00000     32.54228
 160     30.25000    983.00000     31.35283
 161     30.75000    993.00000     31.51190
 162     31.25000    980.00000     31.30495
 163     31.75000    969.00000     31.12877
 164     32.25000    903.00000     30.04996
 165     32.75000    923.00000     30.38091
 166     33.25000    861.00000     29.34280
 167     33.75000    859.00000     29.30870
 168     34.25000    803.00000     28.33726
 169     34.75000    802.00000     28.31960
 170     35.25000    792.00000     28.14249
 171     35.75000    788.00000     28.07134
 172     36.25000    759.00000     27.54996
 173     36.75000    787.00000     28.05352
 174     37.25000    706.00000     26.57066
 175     37.75000    700.00000     26.45751
 176     38.25000    661.00000     25.70992
 177     38.75000    693.00000     26.32489
 178     39.25000    650.00000     25.49510
 179     39.75000    628.00000     25.05993
