#---------- /aineg_summary/vz_aineg : 180,-50.00000,40.00000
   0    -49.75000     27.00000      5.19615
   1    -49.25000     33.00000      5.74456
   2    -48.75000     28.00000      5.29150
   3    -48.25000     28.00000      5.29150
   4    -47.75000     33.00000      5.74456
   5    -47.25000     28.00000      5.29150
   6    -46.75000     23.00000      4.79583
   7    -46.25000     23.00000      4.79583
   8    -45.75000     25.00000      5.00000
   9    -45.25000     29.00000      5.38516
  10    -44.75000     30.00000      5.47723
  11    -44.25000     40.00000      6.32456
  12    -43.75000     33.00000      5.74456
  13    -43.25000     24.00000      4.89898
  14    -42.75000     37.00000      6.08276
  15    -42.25000     38.00000      6.16441
  16    -41.75000     40.00000      6.32456
  17    -41.25000     39.00000      6.24500
  18    -40.75000     34.00000      5.83095
  19    -40.25000     47.00000      6.85565
  20    -39.75000     38.00000      6.16441
  21    -39.25000     58.00000      7.61577
  22    -38.75000     43.00000      6.55744
  23    -38.25000     46.00000      6.78233
  24    -37.75000     51.00000      7.14143
  25    -37.25000     47.00000      6.85565
  26    -36.75000     61.00000      7.81025
  27    -36.25000     71.00000      8.42615
  28    -35.75000     46.00000      6.78233
  29    -35.25000     49.00000      7.00000
  30    -34.75000     54.00000      7.34847
  31    -34.25000     63.00000      7.93725
  32    -33.75000     52.00000      7.21110
  33    -33.25000     56.00000      7.48331
  34    -32.75000     60.00000      7.74597
  35    -32.25000     51.00000      7.14143
  36    -31.75000     63.00000      7.93725
  37    -31.25000     75.00000      8.66025
  38    -30.75000     65.00000      8.06226
  39    -30.25000     71.00000      8.42615
  40    -29.75000     79.00000      8.88819
  41    -29.25000    103.00000     10.14889
  42    -28.75000     87.00000      9.32738
  43    -28.25000     77.00000      8.77496
  44    -27.75000     93.00000      9.64365
  45    -27.25000     69.00000      8.30662
  46    -26.75000     74.00000      8.60233
  47    -26.25000     92.00000      9.59166
  48    -25.75000     87.00000      9.32738
  49    -25.25000     88.00000      9.38083
  50    -24.75000    100.00000     10.00000
  51    -24.25000    109.00000     10.44031
  52    -23.75000     97.00000      9.84886
  53    -23.25000    131.00000     11.44552
  54    -22.75000    145.00000     12.04159
  55    -22.25000    147.00000     12.12436
  56    -21.75000    146.00000     12.08305
  57    -21.25000    141.00000     11.87434
  58    -20.75000    127.00000     11.26943
  59    -20.25000    162.00000     12.72792
  60    -19.75000    166.00000     12.88410
  61    -19.25000    213.00000     14.59452
  62    -18.75000    184.00000     13.56466
  63    -18.25000    176.00000     13.26650
  64    -17.75000    223.00000     14.93318
  65    -17.25000    221.00000     14.86607
  66    -16.75000    238.00000     15.42725
  67    -16.25000    238.00000     15.42725
  68    -15.75000    262.00000     16.18641
  69    -15.25000    290.00000     17.02939
  70    -14.75000    318.00000     17.83255
  71    -14.25000    340.00000     18.43909
  72    -13.75000    380.00000     19.49359
  73    -13.25000    382.00000     19.54482
  74    -12.75000    510.00000     22.58318
  75    -12.25000    515.00000     22.69361
  76    -11.75000    575.00000     23.97916
  77    -11.25000    674.00000     25.96151
  78    -10.75000    718.00000     26.79552
  79    -10.25000    810.00000     28.46050
  80     -9.75000    980.00000     31.30495
  81     -9.25000   1169.00000     34.19064
  82     -8.75000   1381.00000     37.16181
  83     -8.25000   1740.00000     41.71331
  84     -7.75000   2407.00000     49.06119
  85     -7.25000   3296.00000     57.41080
  86     -6.75000   5117.00000     71.53321
  87     -6.25000   8447.00000     91.90756
  88     -5.75000  12925.00000    113.68817
  89     -5.25000  17858.00000    133.63383
  90     -4.75000  20813.00000    144.26712
  91     -4.25000  23023.00000    151.73332
  92     -3.75000  24392.00000    156.17938
  93     -3.25000  24707.00000    157.18460
  94     -2.75000  25678.00000    160.24356
  95     -2.25000  25364.00000    159.26079
  96     -1.75000  24807.00000    157.50238
  97     -1.25000  22509.00000    150.03000
  98     -0.75000  17872.00000    133.68620
  99     -0.25000  12301.00000    110.90987
 100      0.25000   8408.00000     91.69514
 101      0.75000   6054.00000     77.80746
 102      1.25000   4638.00000     68.10287
 103      1.75000   4022.00000     63.41924
 104      2.25000   3432.00000     58.58327
 105      2.75000   2950.00000     54.31390
 106      3.25000   2421.00000     49.20366
 107      3.75000   2099.00000     45.81485
 108      4.25000   1864.00000     43.17406
 109      4.75000   1661.00000     40.75537
 110      5.25000   1549.00000     39.35734
 111      5.75000   1399.00000     37.40321
 112      6.25000   1280.00000     35.77709
 113      6.75000   1180.00000     34.35113
 114      7.25000   1126.00000     33.55592
 115      7.75000    950.00000     30.82207
 116      8.25000    947.00000     30.77337
 117      8.75000    811.00000     28.47806
 118      9.25000    835.00000     28.89637
 119      9.75000    766.00000     27.67670
 120     10.25000    710.00000     26.64582
 121     10.75000    690.00000     26.26785
 122     11.25000    613.00000     24.75884
 123     11.75000    636.00000     25.21904
 124     12.25000    601.00000     24.51530
 125     12.75000    566.00000     23.79075
 126     13.25000    554.00000     23.53720
 127     13.75000    469.00000     21.65641
 128     14.25000    508.00000     22.53885
 129     14.75000    470.00000     21.67948
 130     15.25000    409.00000     20.22375
 131     15.75000    428.00000     20.68816
 132     16.25000    423.00000     20.56696
 133     16.75000    412.00000     20.29778
 134     17.25000    382.00000     19.54482
 135     17.75000    367.00000     19.15724
 136     18.25000    390.00000     19.74842
 137     18.75000    364.00000     19.07878
 138     19.25000    342.00000     18.49324
 139     19.75000    340.00000     18.43909
 140     20.25000    317.00000     17.80449
 141     20.75000    351.00000     18.73499
 142     21.25000    327.00000     18.08314
 143     21.75000    370.00000     19.23538
 144     22.25000    386.00000     19.64688
 145     22.75000    447.00000     21.14237
 146     23.25000    507.00000     22.51666
 147     23.75000    743.00000     27.25803
 148     24.25000   1125.00000     33.54102
 149     24.75000   1746.00000     41.78516
 150     25.25000   2350.00000     48.47680
 151     25.75000   1921.00000     43.82921
 152     26.25000   1295.00000     35.98611
 153     26.75000    926.00000     30.43025
 154     27.25000    765.00000     27.65863
 155     27.75000    683.00000     26.13427
 156     28.25000    609.00000     24.67793
 157     28.75000    604.00000     24.57641
 158     29.25000    585.00000     24.18677
 159     29.75000    531.00000     23.04344
 160     30.25000    459.00000     21.42429
 161     30.75000    480.00000     21.90890
 162     31.25000    457.00000     21.37756
 163     31.75000    416.00000     20.39608
 164     32.25000    451.00000     21.23676
 165     32.75000    443.00000     21.04757
 166     33.25000    407.00000     20.17424
 167     33.75000    416.00000     20.39608
 168     34.25000    396.00000     19.89975
 169     34.75000    374.00000     19.33908
 170     35.25000    383.00000     19.57038
 171     35.75000    364.00000     19.07878
 172     36.25000    345.00000     18.57417
 173     36.75000    366.00000     19.13113
 174     37.25000    334.00000     18.27567
 175     37.75000    369.00000     19.20937
 176     38.25000    317.00000     17.80449
 177     38.75000    313.00000     17.69181
 178     39.25000    326.00000     18.05547
 179     39.75000    285.00000     16.88194
