#---------- /trneg_summary/vz_trneg : 180,-50.00000,40.00000
   0    -49.75000     44.00000      6.63325
   1    -49.25000     37.00000      6.08276
   2    -48.75000     35.00000      5.91608
   3    -48.25000     31.00000      5.56776
   4    -47.75000     45.00000      6.70820
   5    -47.25000     43.00000      6.55744
   6    -46.75000     39.00000      6.24500
   7    -46.25000     45.00000      6.70820
   8    -45.75000     30.00000      5.47723
   9    -45.25000     45.00000      6.70820
  10    -44.75000     43.00000      6.55744
  11    -44.25000     41.00000      6.40312
  12    -43.75000     48.00000      6.92820
  13    -43.25000     37.00000      6.08276
  14    -42.75000     50.00000      7.07107
  15    -42.25000     46.00000      6.78233
  16    -41.75000     45.00000      6.70820
  17    -41.25000     47.00000      6.85565
  18    -40.75000     47.00000      6.85565
  19    -40.25000     50.00000      7.07107
  20    -39.75000     42.00000      6.48074
  21    -39.25000     37.00000      6.08276
  22    -38.75000     61.00000      7.81025
  23    -38.25000     59.00000      7.68115
  24    -37.75000     52.00000      7.21110
  25    -37.25000     52.00000      7.21110
  26    -36.75000     55.00000      7.41620
  27    -36.25000     66.00000      8.12404
  28    -35.75000     52.00000      7.21110
  29    -35.25000     56.00000      7.48331
  30    -34.75000     62.00000      7.87401
  31    -34.25000     55.00000      7.41620
  32    -33.75000     64.00000      8.00000
  33    -33.25000     57.00000      7.54983
  34    -32.75000     67.00000      8.18535
  35    -32.25000     56.00000      7.48331
  36    -31.75000     62.00000      7.87401
  37    -31.25000     71.00000      8.42615
  38    -30.75000     72.00000      8.48528
  39    -30.25000     66.00000      8.12404
  40    -29.75000     68.00000      8.24621
  41    -29.25000     77.00000      8.77496
  42    -28.75000     70.00000      8.36660
  43    -28.25000     91.00000      9.53939
  44    -27.75000     64.00000      8.00000
  45    -27.25000     81.00000      9.00000
  46    -26.75000     72.00000      8.48528
  47    -26.25000     85.00000      9.21954
  48    -25.75000     95.00000      9.74679
  49    -25.25000     83.00000      9.11043
  50    -24.75000     83.00000      9.11043
  51    -24.25000    105.00000     10.24695
  52    -23.75000     80.00000      8.94427
  53    -23.25000     89.00000      9.43398
  54    -22.75000    113.00000     10.63015
  55    -22.25000     92.00000      9.59166
  56    -21.75000     99.00000      9.94987
  57    -21.25000    105.00000     10.24695
  58    -20.75000    101.00000     10.04988
  59    -20.25000    123.00000     11.09054
  60    -19.75000    134.00000     11.57584
  61    -19.25000    127.00000     11.26943
  62    -18.75000    142.00000     11.91638
  63    -18.25000    135.00000     11.61895
  64    -17.75000    147.00000     12.12436
  65    -17.25000    162.00000     12.72792
  66    -16.75000    171.00000     13.07670
  67    -16.25000    194.00000     13.92839
  68    -15.75000    190.00000     13.78405
  69    -15.25000    202.00000     14.21267
  70    -14.75000    211.00000     14.52584
  71    -14.25000    250.00000     15.81139
  72    -13.75000    268.00000     16.37070
  73    -13.25000    299.00000     17.29162
  74    -12.75000    347.00000     18.62794
  75    -12.25000    383.00000     19.57038
  76    -11.75000    401.00000     20.02498
  77    -11.25000    494.00000     22.22611
  78    -10.75000    549.00000     23.43075
  79    -10.25000    608.00000     24.65766
  80     -9.75000    751.00000     27.40438
  81     -9.25000    864.00000     29.39388
  82     -8.75000   1055.00000     32.48076
  83     -8.25000   1421.00000     37.69616
  84     -7.75000   1961.00000     44.28318
  85     -7.25000   2725.00000     52.20153
  86     -6.75000   4455.00000     66.74579
  87     -6.25000   7336.00000     85.65045
  88     -5.75000  11535.00000    107.40112
  89     -5.25000  15951.00000    126.29727
  90     -4.75000  18724.00000    136.83566
  91     -4.25000  20709.00000    143.90622
  92     -3.75000  21837.00000    147.77347
  93     -3.25000  22231.00000    149.10063
  94     -2.75000  22978.00000    151.58496
  95     -2.25000  22878.00000    151.25475
  96     -1.75000  22390.00000    149.63289
  97     -1.25000  20220.00000    142.19705
  98     -0.75000  15934.00000    126.22995
  99     -0.25000  10845.00000    104.13933
 100      0.25000   7310.00000     85.49854
 101      0.75000   5235.00000     72.35330
 102      1.25000   3961.00000     62.93648
 103      1.75000   3407.00000     58.36951
 104      2.25000   2925.00000     54.08327
 105      2.75000   2522.00000     50.21952
 106      3.25000   2023.00000     44.97777
 107      3.75000   1799.00000     42.41462
 108      4.25000   1543.00000     39.28104
 109      4.75000   1363.00000     36.91883
 110      5.25000   1258.00000     35.46830
 111      5.75000   1156.00000     34.00000
 112      6.25000   1011.00000     31.79623
 113      6.75000    945.00000     30.74085
 114      7.25000    891.00000     29.84962
 115      7.75000    794.00000     28.17801
 116      8.25000    766.00000     27.67670
 117      8.75000    666.00000     25.80698
 118      9.25000    710.00000     26.64582
 119      9.75000    639.00000     25.27845
 120     10.25000    593.00000     24.35159
 121     10.75000    561.00000     23.68544
 122     11.25000    539.00000     23.21637
 123     11.75000    504.00000     22.44994
 124     12.25000    522.00000     22.84732
 125     12.75000    488.00000     22.09072
 126     13.25000    469.00000     21.65641
 127     13.75000    417.00000     20.42058
 128     14.25000    450.00000     21.21320
 129     14.75000    427.00000     20.66398
 130     15.25000    406.00000     20.14944
 131     15.75000    410.00000     20.24846
 132     16.25000    374.00000     19.33908
 133     16.75000    355.00000     18.84144
 134     17.25000    352.00000     18.76166
 135     17.75000    311.00000     17.63519
 136     18.25000    382.00000     19.54482
 137     18.75000    320.00000     17.88854
 138     19.25000    326.00000     18.05547
 139     19.75000    337.00000     18.35756
 140     20.25000    328.00000     18.11077
 141     20.75000    333.00000     18.24829
 142     21.25000    353.00000     18.78829
 143     21.75000    342.00000     18.49324
 144     22.25000    403.00000     20.07486
 145     22.75000    472.00000     21.72556
 146     23.25000    595.00000     24.39262
 147     23.75000    805.00000     28.37252
 148     24.25000   1372.00000     37.04052
 149     24.75000   2186.00000     46.75468
 150     25.25000   3010.00000     54.86347
 151     25.75000   2465.00000     49.64877
 152     26.25000   1667.00000     40.82891
 153     26.75000   1240.00000     35.21363
 154     27.25000   1027.00000     32.04684
 155     27.75000    874.00000     29.56349
 156     28.25000    838.00000     28.94823
 157     28.75000    814.00000     28.53069
 158     29.25000    808.00000     28.42534
 159     29.75000    694.00000     26.34388
 160     30.25000    709.00000     26.62705
 161     30.75000    680.00000     26.07681
 162     31.25000    687.00000     26.21069
 163     31.75000    676.00000     26.00000
 164     32.25000    705.00000     26.55184
 165     32.75000    703.00000     26.51415
 166     33.25000    690.00000     26.26785
 167     33.75000    688.00000     26.22975
 168     34.25000    601.00000     24.51530
 169     34.75000    635.00000     25.19921
 170     35.25000    649.00000     25.47548
 171     35.75000    656.00000     25.61250
 172     36.25000    653.00000     25.55387
 173     36.75000    663.00000     25.74879
 174     37.25000    624.00000     24.97999
 175     37.75000    607.00000     24.63737
 176     38.25000    614.00000     24.77902
 177     38.75000    630.00000     25.09980
 178     39.25000    582.00000     24.12468
 179     39.75000    601.00000     24.51530
