#---------- /trpos_summary/vz_trpos : 180,-50.00000,40.00000
   0    -49.75000    183.00000     13.52775
   1    -49.25000    193.00000     13.89244
   2    -48.75000    178.00000     13.34166
   3    -48.25000    187.00000     13.67479
   4    -47.75000    198.00000     14.07125
   5    -47.25000    221.00000     14.86607
   6    -46.75000    222.00000     14.89966
   7    -46.25000    176.00000     13.26650
   8    -45.75000    219.00000     14.79865
   9    -45.25000    210.00000     14.49138
  10    -44.75000    229.00000     15.13275
  11    -44.25000    215.00000     14.66288
  12    -43.75000    223.00000     14.93318
  13    -43.25000    243.00000     15.58846
  14    -42.75000    237.00000     15.39480
  15    -42.25000    244.00000     15.62050
  16    -41.75000    230.00000     15.16575
  17    -41.25000    222.00000     14.89966
  18    -40.75000    225.00000     15.00000
  19    -40.25000    253.00000     15.90597
  20    -39.75000    227.00000     15.06652
  21    -39.25000    250.00000     15.81139
  22    -38.75000    278.00000     16.67333
  23    -38.25000    251.00000     15.84298
  24    -37.75000    252.00000     15.87451
  25    -37.25000    265.00000     16.27882
  26    -36.75000    271.00000     16.46208
  27    -36.25000    270.00000     16.43168
  28    -35.75000    296.00000     17.20465
  29    -35.25000    273.00000     16.52271
  30    -34.75000    292.00000     17.08801
  31    -34.25000    305.00000     17.46425
  32    -33.75000    276.00000     16.61325
  33    -33.25000    292.00000     17.08801
  34    -32.75000    298.00000     17.26268
  35    -32.25000    291.00000     17.05872
  36    -31.75000    330.00000     18.16590
  37    -31.25000    308.00000     17.54993
  38    -30.75000    376.00000     19.39072
  39    -30.25000    355.00000     18.84144
  40    -29.75000    344.00000     18.54724
  41    -29.25000    346.00000     18.60108
  42    -28.75000    366.00000     19.13113
  43    -28.25000    398.00000     19.94994
  44    -27.75000    380.00000     19.49359
  45    -27.25000    403.00000     20.07486
  46    -26.75000    397.00000     19.92486
  47    -26.25000    414.00000     20.34699
  48    -25.75000    408.00000     20.19901
  49    -25.25000    444.00000     21.07131
  50    -24.75000    464.00000     21.54066
  51    -24.25000    472.00000     21.72556
  52    -23.75000    464.00000     21.54066
  53    -23.25000    534.00000     23.10844
  54    -22.75000    510.00000     22.58318
  55    -22.25000    599.00000     24.47448
  56    -21.75000    566.00000     23.79075
  57    -21.25000    580.00000     24.08319
  58    -20.75000    666.00000     25.80698
  59    -20.25000    659.00000     25.67100
  60    -19.75000    728.00000     26.98148
  61    -19.25000    775.00000     27.83882
  62    -18.75000    787.00000     28.05352
  63    -18.25000    807.00000     28.40775
  64    -17.75000    910.00000     30.16621
  65    -17.25000    978.00000     31.27299
  66    -16.75000   1012.00000     31.81195
  67    -16.25000   1099.00000     33.15117
  68    -15.75000   1219.00000     34.91418
  69    -15.25000   1278.00000     35.74913
  70    -14.75000   1416.00000     37.62978
  71    -14.25000   1589.00000     39.86226
  72    -13.75000   1800.00000     42.42641
  73    -13.25000   1873.00000     43.27817
  74    -12.75000   2128.00000     46.13025
  75    -12.25000   2410.00000     49.09175
  76    -11.75000   2729.00000     52.23983
  77    -11.25000   3192.00000     56.49779
  78    -10.75000   3587.00000     59.89157
  79    -10.25000   4217.00000     64.93843
  80     -9.75000   4819.00000     69.41901
  81     -9.25000   5908.00000     76.86352
  82     -8.75000   7298.00000     85.42833
  83     -8.25000   9293.00000     96.40021
  84     -7.75000  11807.00000    108.66002
  85     -7.25000  15665.00000    125.15990
  86     -6.75000  21181.00000    145.53694
  87     -6.25000  27634.00000    166.23477
  88     -5.75000  35042.00000    187.19508
  89     -5.25000  40371.00000    200.92535
  90     -4.75000  43251.00000    207.96875
  91     -4.25000  45330.00000    212.90843
  92     -3.75000  45867.00000    214.16582
  93     -3.25000  45194.00000    212.58881
  94     -2.75000  43908.00000    209.54236
  95     -2.25000  41428.00000    203.53870
  96     -1.75000  36982.00000    192.30705
  97     -1.25000  30100.00000    173.49352
  98     -0.75000  22022.00000    148.39812
  99     -0.25000  14769.00000    121.52777
 100      0.25000  10622.00000    103.06309
 101      0.75000   8059.00000     89.77193
 102      1.25000   6349.00000     79.68061
 103      1.75000   5524.00000     74.32362
 104      2.25000   4621.00000     67.97794
 105      2.75000   3924.00000     62.64184
 106      3.25000   3308.00000     57.51522
 107      3.75000   2817.00000     53.07542
 108      4.25000   2552.00000     50.51732
 109      4.75000   2174.00000     46.62617
 110      5.25000   1972.00000     44.40721
 111      5.75000   1875.00000     43.30127
 112      6.25000   1738.00000     41.68933
 113      6.75000   1575.00000     39.68627
 114      7.25000   1537.00000     39.20459
 115      7.75000   1405.00000     37.48333
 116      8.25000   1284.00000     35.83295
 117      8.75000   1374.00000     37.06750
 118      9.25000   1157.00000     34.01470
 119      9.75000   1104.00000     33.22649
 120     10.25000   1044.00000     32.31099
 121     10.75000   1071.00000     32.72614
 122     11.25000    998.00000     31.59114
 123     11.75000    990.00000     31.46427
 124     12.25000    877.00000     29.61419
 125     12.75000    893.00000     29.88311
 126     13.25000    808.00000     28.42534
 127     13.75000    790.00000     28.10694
 128     14.25000    786.00000     28.03569
 129     14.75000    770.00000     27.74887
 130     15.25000    757.00000     27.51363
 131     15.75000    732.00000     27.05550
 132     16.25000    738.00000     27.16615
 133     16.75000    718.00000     26.79552
 134     17.25000    744.00000     27.27636
 135     17.75000    738.00000     27.16615
 136     18.25000    730.00000     27.01851
 137     18.75000    698.00000     26.41969
 138     19.25000    749.00000     27.36786
 139     19.75000    814.00000     28.53069
 140     20.25000    807.00000     28.40775
 141     20.75000    847.00000     29.10326
 142     21.25000    946.00000     30.75711
 143     21.75000   1088.00000     32.98484
 144     22.25000   1245.00000     35.28456
 145     22.75000   1554.00000     39.42081
 146     23.25000   1868.00000     43.22037
 147     23.75000   2508.00000     50.07994
 148     24.25000   3169.00000     56.29387
 149     24.75000   4075.00000     63.83573
 150     25.25000   4050.00000     63.63961
 151     25.75000   3110.00000     55.76737
 152     26.25000   2407.00000     49.06119
 153     26.75000   1905.00000     43.64631
 154     27.25000   1744.00000     41.76123
 155     27.75000   1541.00000     39.25557
 156     28.25000   1481.00000     38.48376
 157     28.75000   1345.00000     36.67424
 158     29.25000   1416.00000     37.62978
 159     29.75000   1329.00000     36.45545
 160     30.25000   1327.00000     36.42801
 161     30.75000   1270.00000     35.63706
 162     31.25000   1319.00000     36.31804
 163     31.75000   1277.00000     35.73514
 164     32.25000   1266.00000     35.58089
 165     32.75000   1203.00000     34.68429
 166     33.25000   1233.00000     35.11410
 167     33.75000   1246.00000     35.29873
 168     34.25000   1096.00000     33.10589
 169     34.75000   1186.00000     34.43835
 170     35.25000   1156.00000     34.00000
 171     35.75000   1125.00000     33.54102
 172     36.25000   1166.00000     34.14674
 173     36.75000   1117.00000     33.42155
 174     37.25000   1133.00000     33.66006
 175     37.75000   1112.00000     33.34666
 176     38.25000   1058.00000     32.52691
 177     38.75000   1164.00000     34.11744
 178     39.25000   1101.00000     33.18132
 179     39.75000   1036.00000     32.18695
