+-------------------------------------------------------------------------
| COATJAVA LIBRARY DIRECTORY =  /Users/gavalian/Work/Software/project-10.0/../project-9.0/temp/clas12-offline-software/coatjava/bin/../lib/clas/
+-------------------------------------------------------------------------
 
 
*****************************************
*    Running COAT-JAVA Groovy Scripts   *
*    Version : 3a  Release : 2016       *
*****************************************
 
 
[READER] ----> opening current file : histogram_50_nA_histo.hipo
[READER] ---> open successful, size : 1010276
PARSING HEADER
fileHeader: header len = 56
fileHeader: index len = 0
setUserHeaderLengthPadding: IN, fe bit = false
setUserHeaderLengthPadding: END, fe bit = false
fileHeader: user header len = 0, padding = 0
fileHeader: total len = 56
  0  56  0
** reader-open ** records = 1, events = 390, schemas = 0, time = 17 ms
 DEBUG : event count = 390
[SystemFonts] ---> set size = 25, available 24
 EVENT # 390 : counter = 390 groups = 0
#-------- 100
    0.015000     0.000000     0.000000
    0.045000     0.000000     0.000000
    0.075000     0.000000     0.000000
    0.105000     0.000000     0.000000
    0.135000     0.000000     0.000000
    0.165000     0.000000     0.000000
    0.195000     0.000000     0.000000
    0.225000     0.000000     0.000000
    0.255000     0.000000     0.000000
    0.285000     0.000000     0.000000
    0.315000     0.000000     0.000000
    0.345000     0.000000     0.000000
    0.375000     0.000000     0.000000
    0.405000     0.000000     0.000000
    0.435000     0.000000     0.000000
    0.465000     0.000000     0.000000
    0.495000     0.000000     0.000000
    0.525000     0.000000     0.000000
    0.555000     0.000000     0.000000
    0.585000     0.000000     0.000000
    0.615000     0.000000     0.000000
    0.645000     0.000000     0.000000
    0.675000     0.000000     0.000000
    0.705000     0.000000     0.000000
    0.735000     0.000000     0.000000
    0.765000     0.000000     0.000000
    0.795000     0.000000     0.000000
    0.825000     1.000000     1.000000
    0.855000     0.000000     0.000000
    0.885000     4.000000     2.000000
    0.915000    18.000000     4.242640
    0.945000    24.000000     4.898980
    0.975000    11.000000     3.316625
    1.005000     6.000000     2.449490
    1.035000     6.000000     2.449490
    1.065000     5.000000     2.236068
    1.095000     9.000000     3.000000
    1.125000     7.000000     2.645751
    1.155000     7.000000     2.645751
    1.185000     8.000000     2.828427
    1.215000     6.000000     2.449490
    1.245000    15.000000     3.872983
    1.275000     7.000000     2.645751
    1.305000     7.000000     2.645751
    1.335000    12.000000     3.464102
    1.365000     6.000000     2.449490
    1.395000     5.000000     2.236068
    1.425000    11.000000     3.316625
    1.455000    14.000000     3.741657
    1.485000    17.000000     4.123106
    1.515000    13.000000     3.605551
    1.545000    11.000000     3.316625
    1.575000    14.000000     3.741657
    1.605000    17.000000     4.123106
    1.635000    11.000000     3.316625
    1.665000    12.000000     3.464102
    1.695000     9.000000     3.000000
    1.725000    19.000000     4.358899
    1.755000    15.000000     3.872983
    1.785000    21.000000     4.582576
    1.815000    16.000000     4.000000
    1.845000    21.000000     4.582576
    1.875000    17.000000     4.123106
    1.905000    13.000000     3.605551
    1.935000    15.000000     3.872983
    1.965000    15.000000     3.872983
    1.995000    17.000000     4.123106
    2.025000     9.000000     3.000000
    2.055000    18.000000     4.242640
    2.085000    17.000000     4.123106
    2.115000    12.000000     3.464102
    2.145000    15.000000     3.872983
    2.175000    15.000000     3.872983
    2.205000    12.000000     3.464102
    2.235000    12.000000     3.464102
    2.265000    14.000000     3.741657
    2.295000    16.000000     4.000000
    2.325000    19.000000     4.358899
    2.355000    21.000000     4.582576
    2.385000    22.000000     4.690416
    2.415000    18.000000     4.242640
    2.445000    18.000000     4.242640
    2.475000    17.000000     4.123106
    2.505000    15.000000     3.872983
    2.535000    17.000000     4.123106
    2.565000    15.000000     3.872983
    2.595000    13.000000     3.605551
    2.625000    11.000000     3.316625
    2.655000    14.000000     3.741657
    2.685000    12.000000     3.464102
    2.715000     8.000000     2.828427
    2.745000    17.000000     4.123106
    2.775000    12.000000     3.464102
    2.805000    14.000000     3.741657
    2.835000     9.000000     3.000000
    2.865000    13.000000     3.605551
    2.895000     7.000000     2.645751
    2.925000    10.000000     3.162278
    2.955000     9.000000     3.000000
    2.985000     9.000000     3.000000
#-------- 100
    0.015000     0.000000     0.000000
    0.045000     0.000000     0.000000
    0.075000     0.000000     0.000000
    0.105000     0.000000     0.000000
    0.135000     0.000000     0.000000
    0.165000     0.000000     0.000000
    0.195000     0.000000     0.000000
    0.225000     0.000000     0.000000
    0.255000     0.000000     0.000000
    0.285000     0.000000     0.000000
    0.315000     0.000000     0.000000
    0.345000     0.000000     0.000000
    0.375000     0.000000     0.000000
    0.405000     1.000000     1.000000
    0.435000     0.000000     0.000000
    0.465000     0.000000     0.000000
    0.495000     0.000000     0.000000
    0.525000     0.000000     0.000000
    0.555000     0.000000     0.000000
    0.585000     0.000000     0.000000
    0.615000     0.000000     0.000000
    0.645000     0.000000     0.000000
    0.675000     0.000000     0.000000
    0.705000     0.000000     0.000000
    0.735000     0.000000     0.000000
    0.765000     0.000000     0.000000
    0.795000     0.000000     0.000000
    0.825000     1.000000     1.000000
    0.855000     0.000000     0.000000
    0.885000     5.000000     2.236068
    0.915000    28.000000     5.291502
    0.945000    31.000000     5.567764
    0.975000    14.000000     3.741657
    1.005000     8.000000     2.828427
    1.035000     8.000000     2.828427
    1.065000     5.000000     2.236068
    1.095000    12.000000     3.464102
    1.125000    12.000000     3.464102
    1.155000     9.000000     3.000000
    1.185000    12.000000     3.464102
    1.215000    14.000000     3.741657
    1.245000    20.000000     4.472136
    1.275000     6.000000     2.449490
    1.305000    12.000000     3.464102
    1.335000    16.000000     4.000000
    1.365000    10.000000     3.162278
    1.395000     9.000000     3.000000
    1.425000    13.000000     3.605551
    1.455000    20.000000     4.472136
    1.485000    21.000000     4.582576
    1.515000    13.000000     3.605551
    1.545000    16.000000     4.000000
    1.575000    17.000000     4.123106
    1.605000    21.000000     4.582576
    1.635000    19.000000     4.358899
    1.665000    19.000000     4.358899
    1.695000    16.000000     4.000000
    1.725000    27.000000     5.196152
    1.755000    16.000000     4.000000
    1.785000    24.000000     4.898980
    1.815000    22.000000     4.690416
    1.845000    26.000000     5.099020
    1.875000    24.000000     4.898980
    1.905000    17.000000     4.123106
    1.935000    23.000000     4.795832
    1.965000    22.000000     4.690416
    1.995000    23.000000     4.795832
    2.025000    13.000000     3.605551
    2.055000    20.000000     4.472136
    2.085000    21.000000     4.582576
    2.115000    21.000000     4.582576
    2.145000    25.000000     5.000000
    2.175000    21.000000     4.582576
    2.205000    18.000000     4.242640
    2.235000    25.000000     5.000000
    2.265000    23.000000     4.795832
    2.295000    26.000000     5.099020
    2.325000    18.000000     4.242640
    2.355000    26.000000     5.099020
    2.385000    32.000000     5.656854
    2.415000    25.000000     5.000000
    2.445000    23.000000     4.795832
    2.475000    16.000000     4.000000
    2.505000    18.000000     4.242640
    2.535000    22.000000     4.690416
    2.565000    20.000000     4.472136
    2.595000    18.000000     4.242640
    2.625000    13.000000     3.605551
    2.655000    17.000000     4.123106
    2.685000    19.000000     4.358899
    2.715000    13.000000     3.605551
    2.745000    21.000000     4.582576
    2.775000    17.000000     4.123106
    2.805000    18.000000     4.242640
    2.835000    11.000000     3.316625
    2.865000    15.000000     3.872983
    2.895000     7.000000     2.645751
    2.925000    10.000000     3.162278
    2.955000     9.000000     3.000000
    2.985000    15.000000     3.872983
#-------- 100
    0.015000     0.000000     0.000000
    0.045000     0.000000     0.000000
    0.075000     0.000000     0.000000
    0.105000     0.000000     0.000000
    0.135000     0.000000     0.000000
    0.165000     0.000000     0.000000
    0.195000     0.000000     0.000000
    0.225000     0.000000     0.000000
    0.255000     0.000000     0.000000
    0.285000     0.000000     0.000000
    0.315000     0.000000     0.000000
    0.345000     0.000000     0.000000
    0.375000     0.000000     0.000000
    0.405000     1.000000     1.000000
    0.435000     0.000000     0.000000
    0.465000     0.000000     0.000000
    0.495000     0.000000     0.000000
    0.525000     0.000000     0.000000
    0.555000     0.000000     0.000000
    0.585000     1.000000     1.000000
    0.615000     2.000000     1.414214
    0.645000     0.000000     0.000000
    0.675000     0.000000     0.000000
    0.705000     1.000000     1.000000
    0.735000     2.000000     1.414214
    0.765000     2.000000     1.414214
    0.795000     5.000000     2.236068
    0.825000     7.000000     2.645751
    0.855000    27.000000     5.196152
    0.885000    42.000000     6.480741
    0.915000    90.000000     9.486833
    0.945000   103.000000    10.148891
    0.975000    90.000000     9.486833
    1.005000    44.000000     6.633250
    1.035000    43.000000     6.557438
    1.065000    35.000000     5.916080
    1.095000    24.000000     4.898980
    1.125000    30.000000     5.477226
    1.155000    39.000000     6.244998
    1.185000    39.000000     6.244998
    1.215000    46.000000     6.782330
    1.245000    45.000000     6.708204
    1.275000    56.000000     7.483315
    1.305000    55.000000     7.416198
    1.335000    37.000000     6.082763
    1.365000    51.000000     7.141428
    1.395000    44.000000     6.633250
    1.425000    41.000000     6.403124
    1.455000    45.000000     6.708204
    1.485000    59.000000     7.681146
    1.515000    68.000000     8.246211
    1.545000    57.000000     7.549834
    1.575000    54.000000     7.348469
    1.605000    58.000000     7.615773
    1.635000    70.000000     8.366600
    1.665000    91.000000     9.539392
    1.695000    71.000000     8.426149
    1.725000    92.000000     9.591663
    1.755000    79.000000     8.888194
    1.785000    84.000000     9.165152
    1.815000    87.000000     9.327379
    1.845000    87.000000     9.327379
    1.875000    98.000000     9.899495
    1.905000    95.000000     9.746795
    1.935000    92.000000     9.591663
    1.965000    98.000000     9.899495
    1.995000    87.000000     9.327379
    2.025000   102.000000    10.099504
    2.055000    93.000000     9.643651
    2.085000   105.000000    10.246951
    2.115000    96.000000     9.797959
    2.145000    87.000000     9.327379
    2.175000   122.000000    11.045361
    2.205000   109.000000    10.440307
    2.235000    91.000000     9.539392
    2.265000   102.000000    10.099504
    2.295000   101.000000    10.049875
    2.325000   119.000000    10.908712
    2.355000   111.000000    10.535654
    2.385000   112.000000    10.583005
    2.415000   117.000000    10.816654
    2.445000   119.000000    10.908712
    2.475000   138.000000    11.747340
    2.505000   123.000000    11.090536
    2.535000   106.000000    10.295630
    2.565000   139.000000    11.789826
    2.595000   115.000000    10.723805
    2.625000   111.000000    10.535654
    2.655000   133.000000    11.532562
    2.685000   110.000000    10.488089
    2.715000   124.000000    11.135529
    2.745000   137.000000    11.704700
    2.775000   129.000000    11.357817
    2.805000   121.000000    11.000000
    2.835000   127.000000    11.269427
    2.865000   112.000000    10.583005
    2.895000   129.000000    11.357817
    2.925000   123.000000    11.090536
    2.955000   122.000000    11.045361
    2.985000   118.000000    10.862781
#-------- 100
    0.015000     0.000000     0.000000
    0.045000     0.000000     0.000000
    0.075000     0.000000     0.000000
    0.105000     0.000000     0.000000
    0.135000     0.000000     0.000000
    0.165000     0.000000     0.000000
    0.195000     0.000000     0.000000
    0.225000     0.000000     0.000000
    0.255000     0.000000     0.000000
    0.285000     0.000000     0.000000
    0.315000     0.000000     0.000000
    0.345000     0.000000     0.000000
    0.375000     0.000000     0.000000
    0.405000     1.000000     1.000000
    0.435000     0.000000     0.000000
    0.465000     0.000000     0.000000
    0.495000     0.000000     0.000000
    0.525000     0.000000     0.000000
    0.555000     0.000000     0.000000
    0.585000     1.000000     1.000000
    0.615000     1.000000     1.000000
    0.645000     0.000000     0.000000
    0.675000     0.000000     0.000000
    0.705000     1.000000     1.000000
    0.735000     2.000000     1.414214
    0.765000     3.000000     1.732051
    0.795000     4.000000     2.000000
    0.825000     6.000000     2.449490
    0.855000    34.000000     5.830952
    0.885000    51.000000     7.141428
    0.915000   116.000000    10.770329
    0.945000   131.000000    11.445523
    0.975000   100.000000    10.000000
    1.005000    56.000000     7.483315
    1.035000    46.000000     6.782330
    1.065000    40.000000     6.324555
    1.095000    34.000000     5.830952
    1.125000    39.000000     6.244998
    1.155000    55.000000     7.416198
    1.185000    44.000000     6.633250
    1.215000    56.000000     7.483315
    1.245000    55.000000     7.416198
    1.275000    73.000000     8.544003
    1.305000    62.000000     7.874008
    1.335000    52.000000     7.211102
    1.365000    54.000000     7.348469
    1.395000    55.000000     7.416198
    1.425000    52.000000     7.211102
    1.455000    63.000000     7.937254
    1.485000    65.000000     8.062258
    1.515000    73.000000     8.544003
    1.545000    77.000000     8.774964
    1.575000    65.000000     8.062258
    1.605000    73.000000     8.544003
    1.635000    82.000000     9.055386
    1.665000   101.000000    10.049875
    1.695000    86.000000     9.273619
    1.725000   109.000000    10.440307
    1.755000    92.000000     9.591663
    1.785000    92.000000     9.591663
    1.815000   102.000000    10.099504
    1.845000   108.000000    10.392304
    1.875000   111.000000    10.535654
    1.905000   124.000000    11.135529
    1.935000   110.000000    10.488089
    1.965000   121.000000    11.000000
    1.995000   106.000000    10.295630
    2.025000   120.000000    10.954452
    2.055000   107.000000    10.344080
    2.085000   117.000000    10.816654
    2.115000   126.000000    11.224972
    2.145000   113.000000    10.630146
    2.175000   146.000000    12.083046
    2.205000   139.000000    11.789826
    2.235000   103.000000    10.148891
    2.265000   128.000000    11.313708
    2.295000   136.000000    11.661903
    2.325000   140.000000    11.832160
    2.355000   127.000000    11.269427
    2.385000   129.000000    11.357817
    2.415000   140.000000    11.832160
    2.445000   146.000000    12.083046
    2.475000   165.000000    12.845233
    2.505000   144.000000    12.000000
    2.535000   147.000000    12.124355
    2.565000   157.000000    12.529964
    2.595000   129.000000    11.357817
    2.625000   139.000000    11.789826
    2.655000   151.000000    12.288206
    2.685000   145.000000    12.041595
    2.715000   140.000000    11.832160
    2.745000   147.000000    12.124355
    2.775000   151.000000    12.288206
    2.805000   152.000000    12.328828
    2.835000   148.000000    12.165525
    2.865000   141.000000    11.874342
    2.895000   164.000000    12.806249
    2.925000   149.000000    12.206555
    2.955000   147.000000    12.124355
    2.985000   145.000000    12.041595
