+-------------------------------------------------------------------------
| COATJAVA LIBRARY DIRECTORY =  /Users/gavalian/Work/Software/project-10.0/../project-9.0/temp/clas12-offline-software/coatjava/bin/../lib/clas/
+-------------------------------------------------------------------------
 
 
*****************************************
*    Running COAT-JAVA Groovy Scripts   *
*    Version : 3a  Release : 2016       *
*****************************************
 
 
[READER] ----> opening current file : histogram_50_nA_denoised_histo.hipo
[READER] ---> open successful, size : 975056
PARSING HEADER
fileHeader: header len = 56
fileHeader: index len = 0
setUserHeaderLengthPadding: IN, fe bit = false
setUserHeaderLengthPadding: END, fe bit = false
fileHeader: user header len = 0, padding = 0
fileHeader: total len = 56
  0  56  0
** reader-open ** records = 1, events = 390, schemas = 0, time = 16 ms
 DEBUG : event count = 390
[SystemFonts] ---> set size = 25, available 24
 EVENT # 390 : counter = 390 groups = 0
#-------- 100
    0.015000     0.000000     0.000000
    0.045000     0.000000     0.000000
    0.075000     0.000000     0.000000
    0.105000     0.000000     0.000000
    0.135000     0.000000     0.000000
    0.165000     0.000000     0.000000
    0.195000     0.000000     0.000000
    0.225000     0.000000     0.000000
    0.255000     0.000000     0.000000
    0.285000     0.000000     0.000000
    0.315000     0.000000     0.000000
    0.345000     0.000000     0.000000
    0.375000     0.000000     0.000000
    0.405000     1.000000     1.000000
    0.435000     0.000000     0.000000
    0.465000     0.000000     0.000000
    0.495000     0.000000     0.000000
    0.525000     0.000000     0.000000
    0.555000     0.000000     0.000000
    0.585000     0.000000     0.000000
    0.615000     0.000000     0.000000
    0.645000     0.000000     0.000000
    0.675000     0.000000     0.000000
    0.705000     0.000000     0.000000
    0.735000     0.000000     0.000000
    0.765000     0.000000     0.000000
    0.795000     0.000000     0.000000
    0.825000     3.000000     1.732051
    0.855000     2.000000     1.414214
    0.885000     3.000000     1.732051
    0.915000    31.000000     5.567764
    0.945000    32.000000     5.656854
    0.975000    10.000000     3.162278
    1.005000     8.000000     2.828427
    1.035000     5.000000     2.236068
    1.065000     4.000000     2.000000
    1.095000    10.000000     3.162278
    1.125000     9.000000     3.000000
    1.155000     8.000000     2.828427
    1.185000     8.000000     2.828427
    1.215000    13.000000     3.605551
    1.245000    20.000000     4.472136
    1.275000     9.000000     3.000000
    1.305000     9.000000     3.000000
    1.335000    16.000000     4.000000
    1.365000     9.000000     3.000000
    1.395000     9.000000     3.000000
    1.425000    12.000000     3.464102
    1.455000    16.000000     4.000000
    1.485000    22.000000     4.690416
    1.515000    17.000000     4.123106
    1.545000    17.000000     4.123106
    1.575000    17.000000     4.123106
    1.605000    16.000000     4.000000
    1.635000    22.000000     4.690416
    1.665000    17.000000     4.123106
    1.695000    15.000000     3.872983
    1.725000    22.000000     4.690416
    1.755000    15.000000     3.872983
    1.785000    24.000000     4.898980
    1.815000    19.000000     4.358899
    1.845000    23.000000     4.795832
    1.875000    21.000000     4.582576
    1.905000    22.000000     4.690416
    1.935000    17.000000     4.123106
    1.965000    25.000000     5.000000
    1.995000    20.000000     4.472136
    2.025000    17.000000     4.123106
    2.055000    19.000000     4.358899
    2.085000    19.000000     4.358899
    2.115000    17.000000     4.123106
    2.145000    21.000000     4.582576
    2.175000    17.000000     4.123106
    2.205000    14.000000     3.741657
    2.235000    14.000000     3.741657
    2.265000    16.000000     4.000000
    2.295000    19.000000     4.358899
    2.325000    21.000000     4.582576
    2.355000    22.000000     4.690416
    2.385000    27.000000     5.196152
    2.415000    25.000000     5.000000
    2.445000    24.000000     4.898980
    2.475000    18.000000     4.242640
    2.505000    21.000000     4.582576
    2.535000    19.000000     4.358899
    2.565000    15.000000     3.872983
    2.595000    22.000000     4.690416
    2.625000    13.000000     3.605551
    2.655000    14.000000     3.741657
    2.685000    15.000000     3.872983
    2.715000    11.000000     3.316625
    2.745000    18.000000     4.242640
    2.775000    12.000000     3.464102
    2.805000    15.000000     3.872983
    2.835000     9.000000     3.000000
    2.865000    18.000000     4.242640
    2.895000     6.000000     2.449490
    2.925000     8.000000     2.828427
    2.955000     8.000000     2.828427
    2.985000    17.000000     4.123106
#-------- 100
    0.015000     0.000000     0.000000
    0.045000     0.000000     0.000000
    0.075000     0.000000     0.000000
    0.105000     0.000000     0.000000
    0.135000     0.000000     0.000000
    0.165000     0.000000     0.000000
    0.195000     0.000000     0.000000
    0.225000     0.000000     0.000000
    0.255000     0.000000     0.000000
    0.285000     0.000000     0.000000
    0.315000     0.000000     0.000000
    0.345000     0.000000     0.000000
    0.375000     0.000000     0.000000
    0.405000     1.000000     1.000000
    0.435000     0.000000     0.000000
    0.465000     0.000000     0.000000
    0.495000     0.000000     0.000000
    0.525000     0.000000     0.000000
    0.555000     0.000000     0.000000
    0.585000     0.000000     0.000000
    0.615000     0.000000     0.000000
    0.645000     0.000000     0.000000
    0.675000     0.000000     0.000000
    0.705000     0.000000     0.000000
    0.735000     0.000000     0.000000
    0.765000     0.000000     0.000000
    0.795000     0.000000     0.000000
    0.825000     3.000000     1.732051
    0.855000     1.000000     1.000000
    0.885000     4.000000     2.000000
    0.915000    35.000000     5.916080
    0.945000    35.000000     5.916080
    0.975000    12.000000     3.464102
    1.005000     8.000000     2.828427
    1.035000     6.000000     2.449490
    1.065000     3.000000     1.732051
    1.095000    12.000000     3.464102
    1.125000    10.000000     3.162278
    1.155000    11.000000     3.316625
    1.185000    12.000000     3.464102
    1.215000    16.000000     4.000000
    1.245000    21.000000     4.582576
    1.275000    10.000000     3.162278
    1.305000    12.000000     3.464102
    1.335000    21.000000     4.582576
    1.365000    10.000000     3.162278
    1.395000    12.000000     3.464102
    1.425000    13.000000     3.605551
    1.455000    18.000000     4.242640
    1.485000    26.000000     5.099020
    1.515000    19.000000     4.358899
    1.545000    19.000000     4.358899
    1.575000    18.000000     4.242640
    1.605000    19.000000     4.358899
    1.635000    31.000000     5.567764
    1.665000    22.000000     4.690416
    1.695000    19.000000     4.358899
    1.725000    26.000000     5.099020
    1.755000    17.000000     4.123106
    1.785000    30.000000     5.477226
    1.815000    27.000000     5.196152
    1.845000    26.000000     5.099020
    1.875000    29.000000     5.385165
    1.905000    24.000000     4.898980
    1.935000    20.000000     4.472136
    1.965000    30.000000     5.477226
    1.995000    25.000000     5.000000
    2.025000    16.000000     4.000000
    2.055000    21.000000     4.582576
    2.085000    24.000000     4.898980
    2.115000    19.000000     4.358899
    2.145000    23.000000     4.795832
    2.175000    23.000000     4.795832
    2.205000    22.000000     4.690416
    2.235000    18.000000     4.242640
    2.265000    26.000000     5.099020
    2.295000    23.000000     4.795832
    2.325000    31.000000     5.567764
    2.355000    28.000000     5.291502
    2.385000    31.000000     5.567764
    2.415000    34.000000     5.830952
    2.445000    22.000000     4.690416
    2.475000    24.000000     4.898980
    2.505000    23.000000     4.795832
    2.535000    25.000000     5.000000
    2.565000    18.000000     4.242640
    2.595000    26.000000     5.099020
    2.625000    14.000000     3.741657
    2.655000    18.000000     4.242640
    2.685000    21.000000     4.582576
    2.715000    15.000000     3.872983
    2.745000    21.000000     4.582576
    2.775000    17.000000     4.123106
    2.805000    22.000000     4.690416
    2.835000    11.000000     3.316625
    2.865000    21.000000     4.582576
    2.895000     8.000000     2.828427
    2.925000    10.000000     3.162278
    2.955000    10.000000     3.162278
    2.985000    18.000000     4.242640
#-------- 100
    0.015000     0.000000     0.000000
    0.045000     0.000000     0.000000
    0.075000     0.000000     0.000000
    0.105000     0.000000     0.000000
    0.135000     0.000000     0.000000
    0.165000     0.000000     0.000000
    0.195000     0.000000     0.000000
    0.225000     0.000000     0.000000
    0.255000     0.000000     0.000000
    0.285000     0.000000     0.000000
    0.315000     0.000000     0.000000
    0.345000     0.000000     0.000000
    0.375000     0.000000     0.000000
    0.405000     0.000000     0.000000
    0.435000     0.000000     0.000000
    0.465000     0.000000     0.000000
    0.495000     0.000000     0.000000
    0.525000     0.000000     0.000000
    0.555000     1.000000     1.000000
    0.585000     0.000000     0.000000
    0.615000     1.000000     1.000000
    0.645000     0.000000     0.000000
    0.675000     0.000000     0.000000
    0.705000     0.000000     0.000000
    0.735000     2.000000     1.414214
    0.765000     2.000000     1.414214
    0.795000     6.000000     2.449490
    0.825000    11.000000     3.316625
    0.855000    27.000000     5.196152
    0.885000    59.000000     7.681146
    0.915000   114.000000    10.677078
    0.945000   126.000000    11.224972
    0.975000   101.000000    10.049875
    1.005000    53.000000     7.280110
    1.035000    42.000000     6.480741
    1.065000    45.000000     6.708204
    1.095000    26.000000     5.099020
    1.125000    30.000000     5.477226
    1.155000    51.000000     7.141428
    1.185000    46.000000     6.782330
    1.215000    54.000000     7.348469
    1.245000    51.000000     7.141428
    1.275000    62.000000     7.874008
    1.305000    57.000000     7.549834
    1.335000    54.000000     7.348469
    1.365000    55.000000     7.416198
    1.395000    44.000000     6.633250
    1.425000    62.000000     7.874008
    1.455000    61.000000     7.810250
    1.485000    64.000000     8.000000
    1.515000    83.000000     9.110434
    1.545000    81.000000     9.000000
    1.575000    62.000000     7.874008
    1.605000    65.000000     8.062258
    1.635000    81.000000     9.000000
    1.665000   107.000000    10.344080
    1.695000    95.000000     9.746795
    1.725000    98.000000     9.899495
    1.755000    95.000000     9.746795
    1.785000    92.000000     9.591663
    1.815000   100.000000    10.000000
    1.845000   101.000000    10.049875
    1.875000   116.000000    10.770329
    1.905000   113.000000    10.630146
    1.935000   108.000000    10.392304
    1.965000   132.000000    11.489125
    1.995000   105.000000    10.246951
    2.025000   135.000000    11.618950
    2.055000   103.000000    10.148891
    2.085000   115.000000    10.723805
    2.115000   121.000000    11.000000
    2.145000   109.000000    10.440307
    2.175000   148.000000    12.165525
    2.205000   128.000000    11.313708
    2.235000   106.000000    10.295630
    2.265000   131.000000    11.445523
    2.295000   115.000000    10.723805
    2.325000   132.000000    11.489125
    2.355000   118.000000    10.862781
    2.385000   136.000000    11.661903
    2.415000   137.000000    11.704700
    2.445000   158.000000    12.569805
    2.475000   147.000000    12.124355
    2.505000   154.000000    12.409674
    2.535000   130.000000    11.401754
    2.565000   165.000000    12.845233
    2.595000   138.000000    11.747340
    2.625000   135.000000    11.618950
    2.655000   145.000000    12.041595
    2.685000   131.000000    11.445523
    2.715000   144.000000    12.000000
    2.745000   151.000000    12.288206
    2.775000   152.000000    12.328828
    2.805000   153.000000    12.369317
    2.835000   145.000000    12.041595
    2.865000   128.000000    11.313708
    2.895000   167.000000    12.922848
    2.925000   134.000000    11.575837
    2.955000   146.000000    12.083046
    2.985000   127.000000    11.269427
#-------- 100
    0.015000     0.000000     0.000000
    0.045000     0.000000     0.000000
    0.075000     0.000000     0.000000
    0.105000     0.000000     0.000000
    0.135000     0.000000     0.000000
    0.165000     0.000000     0.000000
    0.195000     0.000000     0.000000
    0.225000     0.000000     0.000000
    0.255000     0.000000     0.000000
    0.285000     0.000000     0.000000
    0.315000     0.000000     0.000000
    0.345000     0.000000     0.000000
    0.375000     0.000000     0.000000
    0.405000     0.000000     0.000000
    0.435000     0.000000     0.000000
    0.465000     0.000000     0.000000
    0.495000     0.000000     0.000000
    0.525000     0.000000     0.000000
    0.555000     1.000000     1.000000
    0.585000     0.000000     0.000000
    0.615000     1.000000     1.000000
    0.645000     0.000000     0.000000
    0.675000     0.000000     0.000000
    0.705000     0.000000     0.000000
    0.735000     2.000000     1.414214
    0.765000     3.000000     1.732051
    0.795000     4.000000     2.000000
    0.825000    10.000000     3.162278
    0.855000    29.000000     5.385165
    0.885000    64.000000     8.000000
    0.915000   119.000000    10.908712
    0.945000   140.000000    11.832160
    0.975000   103.000000    10.148891
    1.005000    59.000000     7.681146
    1.035000    43.000000     6.557438
    1.065000    46.000000     6.782330
    1.095000    30.000000     5.477226
    1.125000    31.000000     5.567764
    1.155000    53.000000     7.280110
    1.185000    50.000000     7.071068
    1.215000    57.000000     7.549834
    1.245000    55.000000     7.416198
    1.275000    66.000000     8.124039
    1.305000    60.000000     7.745967
    1.335000    60.000000     7.745967
    1.365000    58.000000     7.615773
    1.395000    48.000000     6.928203
    1.425000    61.000000     7.810250
    1.455000    72.000000     8.485281
    1.485000    68.000000     8.246211
    1.515000    90.000000     9.486833
    1.545000    84.000000     9.165152
    1.575000    72.000000     8.485281
    1.605000    76.000000     8.717798
    1.635000    82.000000     9.055386
    1.665000   109.000000    10.440307
    1.695000   106.000000    10.295630
    1.725000   107.000000    10.344080
    1.755000   106.000000    10.295630
    1.785000    89.000000     9.433981
    1.815000   109.000000    10.440307
    1.845000   108.000000    10.392304
    1.875000   127.000000    11.269427
    1.905000   120.000000    10.954452
    1.935000   122.000000    11.045361
    1.965000   132.000000    11.489125
    1.995000   114.000000    10.677078
    2.025000   143.000000    11.958261
    2.055000   110.000000    10.488089
    2.085000   124.000000    11.135529
    2.115000   127.000000    11.269427
    2.145000   114.000000    10.677078
    2.175000   153.000000    12.369317
    2.205000   130.000000    11.401754
    2.235000   117.000000    10.816654
    2.265000   138.000000    11.747340
    2.295000   121.000000    11.000000
    2.325000   146.000000    12.083046
    2.355000   128.000000    11.313708
    2.385000   146.000000    12.083046
    2.415000   143.000000    11.958261
    2.445000   165.000000    12.845233
    2.475000   159.000000    12.609520
    2.505000   170.000000    13.038404
    2.535000   135.000000    11.618950
    2.565000   177.000000    13.304134
    2.595000   141.000000    11.874342
    2.625000   137.000000    11.704700
    2.655000   148.000000    12.165525
    2.685000   147.000000    12.124355
    2.715000   150.000000    12.247449
    2.745000   160.000000    12.649111
    2.775000   154.000000    12.409674
    2.805000   163.000000    12.767145
    2.835000   146.000000    12.083046
    2.865000   135.000000    11.618950
    2.895000   185.000000    13.601471
    2.925000   144.000000    12.000000
    2.955000   154.000000    12.409674
    2.985000   151.000000    12.288206
