0.015000     0.000000     0.000000
0.045000     0.000000     0.000000
0.075000     0.000000     0.000000
0.105000     0.000000     0.000000
0.135000     0.000000     0.000000
0.165000     0.000000     0.000000
0.195000     0.000000     0.000000
0.225000     0.000000     0.000000
0.255000     0.000000     0.000000
0.285000     0.000000     0.000000
0.315000     0.000000     0.000000
0.345000     0.000000     0.000000
0.375000     0.000000     0.000000
0.405000     0.000000     0.000000
0.435000     0.000000     0.000000
0.465000     0.000000     0.000000
0.495000     0.000000     0.000000
0.525000     0.000000     0.000000
0.555000     0.000000     0.000000
0.585000     0.000000     0.000000
0.615000     0.000000     0.000000
0.645000     0.000000     0.000000
0.675000     0.000000     0.000000
0.705000     0.000000     0.000000
0.735000     0.000000     0.000000
0.765000     0.000000     0.000000
0.795000     0.000000     0.000000
0.825000     1.000000     1.000000
0.855000     0.000000     0.000000
0.885000     4.000000     2.000000
0.915000    18.000000     4.242640
0.945000    24.000000     4.898980
0.975000    11.000000     3.316625
1.005000     6.000000     2.449490
1.035000     6.000000     2.449490
1.065000     5.000000     2.236068
1.095000     9.000000     3.000000
1.125000     7.000000     2.645751
1.155000     7.000000     2.645751
1.185000     8.000000     2.828427
1.215000     6.000000     2.449490
1.245000    15.000000     3.872983
1.275000     7.000000     2.645751
1.305000     7.000000     2.645751
1.335000    12.000000     3.464102
1.365000     6.000000     2.449490
1.395000     5.000000     2.236068
1.425000    11.000000     3.316625
1.455000    14.000000     3.741657
1.485000    17.000000     4.123106
1.515000    13.000000     3.605551
1.545000    11.000000     3.316625
1.575000    14.000000     3.741657
1.605000    17.000000     4.123106
1.635000    11.000000     3.316625
1.665000    12.000000     3.464102
1.695000     9.000000     3.000000
1.725000    19.000000     4.358899
1.755000    15.000000     3.872983
1.785000    21.000000     4.582576
1.815000    16.000000     4.000000
1.845000    21.000000     4.582576
1.875000    17.000000     4.123106
1.905000    13.000000     3.605551
1.935000    15.000000     3.872983
1.965000    15.000000     3.872983
1.995000    17.000000     4.123106
2.025000     9.000000     3.000000
2.055000    18.000000     4.242640
2.085000    17.000000     4.123106
2.115000    12.000000     3.464102
2.145000    15.000000     3.872983
2.175000    15.000000     3.872983
2.205000    12.000000     3.464102
2.235000    12.000000     3.464102
2.265000    14.000000     3.741657
2.295000    16.000000     4.000000
2.325000    19.000000     4.358899
2.355000    21.000000     4.582576
2.385000    22.000000     4.690416
2.415000    18.000000     4.242640
2.445000    18.000000     4.242640
2.475000    17.000000     4.123106
2.505000    15.000000     3.872983
2.535000    17.000000     4.123106
2.565000    15.000000     3.872983
2.595000    13.000000     3.605551
2.625000    11.000000     3.316625
2.655000    14.000000     3.741657
2.685000    12.000000     3.464102
2.715000     8.000000     2.828427
2.745000    17.000000     4.123106
2.775000    12.000000     3.464102
2.805000    14.000000     3.741657
2.835000     9.000000     3.000000
2.865000    13.000000     3.605551
2.895000     7.000000     2.645751
2.925000    10.000000     3.162278
2.955000     9.000000     3.000000
2.985000     9.000000     3.000000
