0.015000     0.000000     0.000000
0.045000     0.000000     0.000000
0.075000     0.000000     0.000000
0.105000     0.000000     0.000000
0.135000     0.000000     0.000000
0.165000     0.000000     0.000000
0.195000     0.000000     0.000000
0.225000     0.000000     0.000000
0.255000     0.000000     0.000000
0.285000     0.000000     0.000000
0.315000     0.000000     0.000000
0.345000     0.000000     0.000000
0.375000     0.000000     0.000000
0.405000     1.000000     1.000000
0.435000     0.000000     0.000000
0.465000     0.000000     0.000000
0.495000     0.000000     0.000000
0.525000     0.000000     0.000000
0.555000     0.000000     0.000000
0.585000     0.000000     0.000000
0.615000     0.000000     0.000000
0.645000     0.000000     0.000000
0.675000     0.000000     0.000000
0.705000     0.000000     0.000000
0.735000     0.000000     0.000000
0.765000     0.000000     0.000000
0.795000     0.000000     0.000000
0.825000     3.000000     1.732051
0.855000     2.000000     1.414214
0.885000     3.000000     1.732051
0.915000    31.000000     5.567764
0.945000    32.000000     5.656854
0.975000    10.000000     3.162278
1.005000     8.000000     2.828427
1.035000     5.000000     2.236068
1.065000     4.000000     2.000000
1.095000    10.000000     3.162278
1.125000     9.000000     3.000000
1.155000     8.000000     2.828427
1.185000     8.000000     2.828427
1.215000    13.000000     3.605551
1.245000    20.000000     4.472136
1.275000     9.000000     3.000000
1.305000     9.000000     3.000000
1.335000    16.000000     4.000000
1.365000     9.000000     3.000000
1.395000     9.000000     3.000000
1.425000    12.000000     3.464102
1.455000    16.000000     4.000000
1.485000    22.000000     4.690416
1.515000    17.000000     4.123106
1.545000    17.000000     4.123106
1.575000    17.000000     4.123106
1.605000    16.000000     4.000000
1.635000    22.000000     4.690416
1.665000    17.000000     4.123106
1.695000    15.000000     3.872983
1.725000    22.000000     4.690416
1.755000    15.000000     3.872983
1.785000    24.000000     4.898980
1.815000    19.000000     4.358899
1.845000    23.000000     4.795832
1.875000    21.000000     4.582576
1.905000    22.000000     4.690416
1.935000    17.000000     4.123106
1.965000    25.000000     5.000000
1.995000    20.000000     4.472136
2.025000    17.000000     4.123106
2.055000    19.000000     4.358899
2.085000    19.000000     4.358899
2.115000    17.000000     4.123106
2.145000    21.000000     4.582576
2.175000    17.000000     4.123106
2.205000    14.000000     3.741657
2.235000    14.000000     3.741657
2.265000    16.000000     4.000000
2.295000    19.000000     4.358899
2.325000    21.000000     4.582576
2.355000    22.000000     4.690416
2.385000    27.000000     5.196152
2.415000    25.000000     5.000000
2.445000    24.000000     4.898980
2.475000    18.000000     4.242640
2.505000    21.000000     4.582576
2.535000    19.000000     4.358899
2.565000    15.000000     3.872983
2.595000    22.000000     4.690416
2.625000    13.000000     3.605551
2.655000    14.000000     3.741657
2.685000    15.000000     3.872983
2.715000    11.000000     3.316625
2.745000    18.000000     4.242640
2.775000    12.000000     3.464102
2.805000    15.000000     3.872983
2.835000     9.000000     3.000000
2.865000    18.000000     4.242640
2.895000     6.000000     2.449490
2.925000     8.000000     2.828427
2.955000     8.000000     2.828427
2.985000    17.000000     4.123106
