0.015000     0.000000     0.000000
0.045000     0.000000     0.000000
0.075000     0.000000     0.000000
0.105000     0.000000     0.000000
0.135000     0.000000     0.000000
0.165000     0.000000     0.000000
0.195000     0.000000     0.000000
0.225000     0.000000     0.000000
0.255000     0.000000     0.000000
0.285000     0.000000     0.000000
0.315000     0.000000     0.000000
0.345000     0.000000     0.000000
0.375000     0.000000     0.000000
0.405000     1.000000     1.000000
0.435000     0.000000     0.000000
0.465000     0.000000     0.000000
0.495000     0.000000     0.000000
0.525000     0.000000     0.000000
0.555000     0.000000     0.000000
0.585000     0.000000     0.000000
0.615000     0.000000     0.000000
0.645000     0.000000     0.000000
0.675000     0.000000     0.000000
0.705000     0.000000     0.000000
0.735000     0.000000     0.000000
0.765000     0.000000     0.000000
0.795000     0.000000     0.000000
0.825000     3.000000     1.732051
0.855000     1.000000     1.000000
0.885000     4.000000     2.000000
0.915000    35.000000     5.916080
0.945000    35.000000     5.916080
0.975000    12.000000     3.464102
1.005000     8.000000     2.828427
1.035000     6.000000     2.449490
1.065000     3.000000     1.732051
1.095000    12.000000     3.464102
1.125000    10.000000     3.162278
1.155000    11.000000     3.316625
1.185000    12.000000     3.464102
1.215000    16.000000     4.000000
1.245000    21.000000     4.582576
1.275000    10.000000     3.162278
1.305000    12.000000     3.464102
1.335000    21.000000     4.582576
1.365000    10.000000     3.162278
1.395000    12.000000     3.464102
1.425000    13.000000     3.605551
1.455000    18.000000     4.242640
1.485000    26.000000     5.099020
1.515000    19.000000     4.358899
1.545000    19.000000     4.358899
1.575000    18.000000     4.242640
1.605000    19.000000     4.358899
1.635000    31.000000     5.567764
1.665000    22.000000     4.690416
1.695000    19.000000     4.358899
1.725000    26.000000     5.099020
1.755000    17.000000     4.123106
1.785000    30.000000     5.477226
1.815000    27.000000     5.196152
1.845000    26.000000     5.099020
1.875000    29.000000     5.385165
1.905000    24.000000     4.898980
1.935000    20.000000     4.472136
1.965000    30.000000     5.477226
1.995000    25.000000     5.000000
2.025000    16.000000     4.000000
2.055000    21.000000     4.582576
2.085000    24.000000     4.898980
2.115000    19.000000     4.358899
2.145000    23.000000     4.795832
2.175000    23.000000     4.795832
2.205000    22.000000     4.690416
2.235000    18.000000     4.242640
2.265000    26.000000     5.099020
2.295000    23.000000     4.795832
2.325000    31.000000     5.567764
2.355000    28.000000     5.291502
2.385000    31.000000     5.567764
2.415000    34.000000     5.830952
2.445000    22.000000     4.690416
2.475000    24.000000     4.898980
2.505000    23.000000     4.795832
2.535000    25.000000     5.000000
2.565000    18.000000     4.242640
2.595000    26.000000     5.099020
2.625000    14.000000     3.741657
2.655000    18.000000     4.242640
2.685000    21.000000     4.582576
2.715000    15.000000     3.872983
2.745000    21.000000     4.582576
2.775000    17.000000     4.123106
2.805000    22.000000     4.690416
2.835000    11.000000     3.316625
2.865000    21.000000     4.582576
2.895000     8.000000     2.828427
2.925000    10.000000     3.162278
2.955000    10.000000     3.162278
2.985000    18.000000     4.242640
